,Adresse,Købesum,Salgsdato,Salgstype,href,hrefbbr,geo_code,geo_location_raw,kommunenummer,boligtype,køkkenforhold,anvendelse,badeforhold,enhedsareal,antal_badeværelser,beboelsesareal,toiletforhold,værelser,antal_toiletter,energikode
0," Bilbaogade 1, 1. tv 2150 Nordhavn ",3000000.0,2022-04-05, Handelstype Alm. frit salg,https://www.boliga.dk//salg/info/101/983935/7DFF6CFC-B015-4DDD-A9DB-FE8E138ADF4B,https://www.boliga.dk//bbrinfo/7dff6cfc-b015-4ddd-a9db-fe8e138adf4b,"(55.70705585, 12.59458462)","Bilbaogade 1, 2150 Nordhavn",0101,Egentlig beboelseslejlighed,Eget køkken med afløb,"Bolig i etageejendom, flerfamiliehus eller to-familiehus",Badeværelse i enheden,119, 1,119,Vandskyllende toilet i enheden,3, 2,-
1," Sundkaj 91, 1. tv 2150 Nordhavn ",4500000.0,2022-09-02, Handelstype Alm. frit salg,https://www.boliga.dk//salg/info/101/34085/150E79E7-0366-45D5-B18F-19D9B4C0FE69,https://www.boliga.dk//bbrinfo/150e79e7-0366-45d5-b18f-19d9b4c0fe69,"(55.70966782, 12.5985478)","Sundkaj 91, 1. mf, 2150 Nordhavn",0101,Egentlig beboelseslejlighed,Eget køkken med afløb,"Bolig i etageejendom, flerfamiliehus eller to-familiehus",Badeværelse i enheden,63, 1,63,Vandskyllende toilet i enheden,3, 1,-
2," Sundkaj 91, 1. tv 2150 Nordhavn ",3395000.0,2017-09-07, Handelstype Alm. frit salg,https://www.boliga.dk//salg/info/101/34085/150E79E7-0366-45D5-B18F-19D9B4C0FE69,https://www.boliga.dk//bbrinfo/150e79e7-0366-45d5-b18f-19d9b4c0fe69,"(55.70966782, 12.5985478)","Sundkaj 91, 1. mf, 2150 Nordhavn",0101,Egentlig beboelseslejlighed,Eget køkken med afløb,"Bolig i etageejendom, flerfamiliehus eller to-familiehus",Badeværelse i enheden,63, 1,63,Vandskyllende toilet i enheden,3, 1,-
3," Trelleborggade 15, 4. 2 2150 Nordhavn ",4470000.0,2022-03-20, Handelstype Alm. frit salg,https://www.boliga.dk//salg/info/101/39347/6AF973C8-395D-460B-AEFC-AD2DD5D92FEC,https://www.boliga.dk//bbrinfo/6af973c8-395d-460b-aefc-ad2dd5d92fec,"(55.70686603, 12.59442831)","Trelleborggade 15, 2150 Nordhavn",0101,Egentlig beboelseslejlighed,Eget køkken med afløb,"Bolig i etageejendom, flerfamiliehus eller to-familiehus",Badeværelse i enheden,73, 1,73,Vandskyllende toilet i enheden,2, 1,-
4," Trelleborggade 15, 4. 2 2150 Nordhavn ",3788797.0,2017-01-01, Handelstype Alm. frit salg,https://www.boliga.dk//salg/info/101/39347/6AF973C8-395D-460B-AEFC-AD2DD5D92FEC,https://www.boliga.dk//bbrinfo/6af973c8-395d-460b-aefc-ad2dd5d92fec,"(55.70686603, 12.59442831)","Trelleborggade 15, 2150 Nordhavn",0101,Egentlig beboelseslejlighed,Eget køkken med afløb,"Bolig i etageejendom, flerfamiliehus eller to-familiehus",Badeværelse i enheden,73, 1,73,Vandskyllende toilet i enheden,2, 1,-
5," Trelleborggade 20, 1. tv 2150 Nordhavn ",1840000.0,2022-03-09, Handelstype Familieoverdragelse,https://www.boliga.dk//salg/info/101/21435/9AAE7ED5-4494-4378-A44B-FD4E1FE74E12,https://www.boliga.dk//bbrinfo/9aae7ed5-4494-4378-a44b-fd4e1fe74e12,"(55.70667705, 12.59415088)","Trelleborggade 20, 5., 2150 Nordhavn",0101,Egentlig beboelseslejlighed,Eget køkken med afløb,"Bolig i etageejendom, flerfamiliehus eller to-familiehus",Badeværelse i enheden,58, 1,58,Vandskyllende toilet i enheden,2, 1,-
6," Trelleborggade 20, 1. tv 2150 Nordhavn ",2325000.0,2021-02-01, Handelstype Familieoverdragelse,https://www.boliga.dk//salg/info/101/21435/9AAE7ED5-4494-4378-A44B-FD4E1FE74E12,https://www.boliga.dk//bbrinfo/9aae7ed5-4494-4378-a44b-fd4e1fe74e12,"(55.70667705, 12.59415088)","Trelleborggade 20, 5., 2150 Nordhavn",0101,Egentlig beboelseslejlighed,Eget køkken med afløb,"Bolig i etageejendom, flerfamiliehus eller to-familiehus",Badeværelse i enheden,58, 1,58,Vandskyllende toilet i enheden,2, 1,-
7," Trelleborggade 20, 1. tv 2150 Nordhavn ",2325000.0,2021-04-07, Handelstype Familieoverdragelse,https://www.boliga.dk//salg/info/101/21435/9AAE7ED5-4494-4378-A44B-FD4E1FE74E12,https://www.boliga.dk//bbrinfo/9aae7ed5-4494-4378-a44b-fd4e1fe74e12,"(55.70667705, 12.59415088)","Trelleborggade 20, 5., 2150 Nordhavn",0101,Egentlig beboelseslejlighed,Eget køkken med afløb,"Bolig i etageejendom, flerfamiliehus eller to-familiehus",Badeværelse i enheden,58, 1,58,Vandskyllende toilet i enheden,2, 1,-
8," Trelleborggade 20, 1. tv 2150 Nordhavn ",2325000.0,2015-01-01, Handelstype Alm. frit salg,https://www.boliga.dk//salg/info/101/21435/9AAE7ED5-4494-4378-A44B-FD4E1FE74E12,https://www.boliga.dk//bbrinfo/9aae7ed5-4494-4378-a44b-fd4e1fe74e12,"(55.70667705, 12.59415088)","Trelleborggade 20, 5., 2150 Nordhavn",0101,Egentlig beboelseslejlighed,Eget køkken med afløb,"Bolig i etageejendom, flerfamiliehus eller to-familiehus",Badeværelse i enheden,58, 1,58,Vandskyllende toilet i enheden,2, 1,-
9," Murmanskgade 3, 4. tv 2150 Nordhavn ",7195000.0,2022-07-01, Handelstype Alm. frit salg,https://www.boliga.dk//salg/info/101/17574/B9038141-BE72-408A-A065-32EB0D564F98,https://www.boliga.dk//bbrinfo/b9038141-be72-408a-a065-32eb0d564f98,"(55.70716738, 12.59860693)","Murmanskgade 3, 3. mf, 2150 Nordhavn",0101,Egentlig beboelseslejlighed,Eget køkken med afløb,"Bolig i etageejendom, flerfamiliehus eller to-familiehus",Badeværelse i enheden,117, 1,117,Vandskyllende toilet i enheden,3, 1,400 V el fra værk
10," Murmanskgade 3, 4. tv 2150 Nordhavn ",5750000.0,2017-12-01, Handelstype Alm. frit salg,https://www.boliga.dk//salg/info/101/17574/B9038141-BE72-408A-A065-32EB0D564F98,https://www.boliga.dk//bbrinfo/b9038141-be72-408a-a065-32eb0d564f98,"(55.70716738, 12.59860693)","Murmanskgade 3, 3. mf, 2150 Nordhavn",0101,Egentlig beboelseslejlighed,Eget køkken med afløb,"Bolig i etageejendom, flerfamiliehus eller to-familiehus",Badeværelse i enheden,117, 1,117,Vandskyllende toilet i enheden,3, 1,400 V el fra værk
11," Murmanskgade 3, 4. tv 2150 Nordhavn ",3495000.0,2013-07-01, Handelstype Alm. frit salg,https://www.boliga.dk//salg/info/101/17574/B9038141-BE72-408A-A065-32EB0D564F98,https://www.boliga.dk//bbrinfo/b9038141-be72-408a-a065-32eb0d564f98,"(55.70716738, 12.59860693)","Murmanskgade 3, 3. mf, 2150 Nordhavn",0101,Egentlig beboelseslejlighed,Eget køkken med afløb,"Bolig i etageejendom, flerfamiliehus eller to-familiehus",Badeværelse i enheden,117, 1,117,Vandskyllende toilet i enheden,3, 1,400 V el fra værk
12," Sundkaj 71, st. th 2150 Nordhavn ",2625000.0,2022-06-01, Handelstype Alm. frit salg,https://www.boliga.dk//salg/info/101/27101/F7549128-2C9B-45F4-8AC5-6F5F5F4B9A3D,https://www.boliga.dk//bbrinfo/f7549128-2c9b-45f4-8ac5-6f5f5f4b9a3d,"(55.70985657, 12.59763541)","Sundkaj 71, 5., 2150 Nordhavn",0101,Egentlig beboelseslejlighed,Eget køkken med afløb,"Bolig i etageejendom, flerfamiliehus eller to-familiehus",Badeværelse i enheden,47, 1,47,Vandskyllende toilet i enheden,2, 1,400 V el fra værk
13," Sundkaj 71, st. th 2150 Nordhavn ",1975267.0,2016-05-06, Handelstype Alm. frit salg,https://www.boliga.dk//salg/info/101/27101/F7549128-2C9B-45F4-8AC5-6F5F5F4B9A3D,https://www.boliga.dk//bbrinfo/f7549128-2c9b-45f4-8ac5-6f5f5f4b9a3d,"(55.70985657, 12.59763541)","Sundkaj 71, 5., 2150 Nordhavn",0101,Egentlig beboelseslejlighed,Eget køkken med afløb,"Bolig i etageejendom, flerfamiliehus eller to-familiehus",Badeværelse i enheden,47, 1,47,Vandskyllende toilet i enheden,2, 1,400 V el fra værk
14," Sundkaj 81, 2. tv 2150 Nordhavn ",6450000.0,2022-03-01, Handelstype Alm. frit salg,https://www.boliga.dk//salg/info/101/34142/451DA3D3-0C99-432F-A3FB-E644F11A8F3E,https://www.boliga.dk//bbrinfo/451da3d3-0c99-432f-a3fb-e644f11a8f3e,"(55.71000257, 12.59811116)","Sundkaj 81, 1. th, 2150 Nordhavn",0101,Egentlig beboelseslejlighed,Eget køkken med afløb,"Bolig i etageejendom, flerfamiliehus eller to-familiehus",Badeværelse i enheden,97, 1,97,Vandskyllende toilet i enheden,4, 1,-
15," Sundkaj 81, 2. tv 2150 Nordhavn ",4895000.0,2018-09-02, Handelstype Alm. frit salg,https://www.boliga.dk//salg/info/101/34142/451DA3D3-0C99-432F-A3FB-E644F11A8F3E,https://www.boliga.dk//bbrinfo/451da3d3-0c99-432f-a3fb-e644f11a8f3e,"(55.71000257, 12.59811116)","Sundkaj 81, 1. th, 2150 Nordhavn",0101,Egentlig beboelseslejlighed,Eget køkken med afløb,"Bolig i etageejendom, flerfamiliehus eller to-familiehus",Badeværelse i enheden,97, 1,97,Vandskyllende toilet i enheden,4, 1,-
16," Helsinkigade 20, 7. 1 2150 Nordhavn ",9000000.0,2022-02-06, Handelstype Alm. frit salg,https://www.boliga.dk//salg/info/101/21630/9D31B5B3-EDC2-4B19-830F-97EF5E6CB03E,https://www.boliga.dk//bbrinfo/9d31b5b3-edc2-4b19-830f-97ef5e6cb03e,"(55.70792825, 12.59733266)","Helsinkigade 20, 10., 2150 Nordhavn",0101,Egentlig beboelseslejlighed,Eget køkken med afløb,"Bolig i etageejendom, flerfamiliehus eller to-familiehus",Badeværelse i enheden,114, 1,114,Vandskyllende toilet i enheden,3, 2,-
17," Helsinkigade 20, 7. 1 2150 Nordhavn ",5662785.0,2016-06-06, Handelstype Alm. frit salg,https://www.boliga.dk//salg/info/101/21630/9D31B5B3-EDC2-4B19-830F-97EF5E6CB03E,https://www.boliga.dk//bbrinfo/9d31b5b3-edc2-4b19-830f-97ef5e6cb03e,"(55.70792825, 12.59733266)","Helsinkigade 20, 10., 2150 Nordhavn",0101,Egentlig beboelseslejlighed,Eget køkken med afløb,"Bolig i etageejendom, flerfamiliehus eller to-familiehus",Badeværelse i enheden,114, 1,114,Vandskyllende toilet i enheden,3, 2,-
18," Århusgade 131A, 1. th 2150 Nordhavn ",8000000.0,2022-02-01, Handelstype Alm. frit salg,https://www.boliga.dk//salg/info/101/19595/E1D4FEA9-1D51-45AB-8679-39527E371E46,https://www.boliga.dk//bbrinfo/e1d4fea9-1d51-45ab-8679-39527e371e46,"(55.70773906, 12.59402888)","Århusgade 131A, 1. mf, 2150 Nordhavn",0101,Egentlig beboelseslejlighed,Eget køkken med afløb,"Bolig i etageejendom, flerfamiliehus eller to-familiehus",Badeværelse i enheden,130, 2,130,Vandskyllende toilet i enheden,5, 2,230 V el fra værk
19," Århusgade 131A, 1. th 2150 Nordhavn ",5910000.0,2018-01-02, Handelstype Alm. frit salg,https://www.boliga.dk//salg/info/101/19595/E1D4FEA9-1D51-45AB-8679-39527E371E46,https://www.boliga.dk//bbrinfo/e1d4fea9-1d51-45ab-8679-39527e371e46,"(55.70773906, 12.59402888)","Århusgade 131A, 1. mf, 2150 Nordhavn",0101,Egentlig beboelseslejlighed,Eget køkken med afløb,"Bolig i etageejendom, flerfamiliehus eller to-familiehus",Badeværelse i enheden,130, 2,130,Vandskyllende toilet i enheden,5, 2,230 V el fra værk
20," Århusgade 131A, 1. th 2150 Nordhavn ",5233094.0,2015-04-20, Handelstype Alm. frit salg,https://www.boliga.dk//salg/info/101/19595/E1D4FEA9-1D51-45AB-8679-39527E371E46,https://www.boliga.dk//bbrinfo/e1d4fea9-1d51-45ab-8679-39527e371e46,"(55.70773906, 12.59402888)","Århusgade 131A, 1. mf, 2150 Nordhavn",0101,Egentlig beboelseslejlighed,Eget køkken med afløb,"Bolig i etageejendom, flerfamiliehus eller to-familiehus",Badeværelse i enheden,130, 2,130,Vandskyllende toilet i enheden,5, 2,230 V el fra værk
21, Århusgade 135 2150 Nordhavn ,13750000.0,2022-01-03, Handelstype Alm. frit salg,https://www.boliga.dk//salg/info/101/19130/19FD727C-5267-4AC2-BC27-C6033A851904,https://www.boliga.dk//bbrinfo/19fd727c-5267-4ac2-bc27-c6033a851904,"(55.70779634, 12.59426522)","Århusgade 135, 2150 Nordhavn",0101,Egentlig beboelseslejlighed,Eget køkken med afløb,"Række-, kæde- og klyngehus",Badeværelse i enheden,150, 2,150,Vandskyllende toilet i enheden,4, 3,-
22, Århusgade 135 2150 Nordhavn ,7836586.0,2015-04-09, Handelstype Alm. frit salg,https://www.boliga.dk//salg/info/101/19130/19FD727C-5267-4AC2-BC27-C6033A851904,https://www.boliga.dk//bbrinfo/19fd727c-5267-4ac2-bc27-c6033a851904,"(55.70779634, 12.59426522)","Århusgade 135, 2150 Nordhavn",0101,Egentlig beboelseslejlighed,Eget køkken med afløb,"Række-, kæde- og klyngehus",Badeværelse i enheden,150, 2,150,Vandskyllende toilet i enheden,4, 3,-
23," Sundkaj 81, 1. th 2150 Nordhavn ",6400000.0,2022-07-02, Handelstype Alm. frit salg,https://www.boliga.dk//salg/info/101/34139/0538C766-7C53-4186-9470-627E40E772E9,https://www.boliga.dk//bbrinfo/0538c766-7c53-4186-9470-627e40e772e9,"(55.71000257, 12.59811116)","Sundkaj 81, 1. th, 2150 Nordhavn",0101,Egentlig beboelseslejlighed,Eget køkken med afløb,"Bolig i etageejendom, flerfamiliehus eller to-familiehus",Badeværelse i enheden,106, 1,106,Vandskyllende toilet i enheden,4, 1,-
24," Sundkaj 81, 1. th 2150 Nordhavn ",4795000.0,2018-06-05, Handelstype Alm. frit salg,https://www.boliga.dk//salg/info/101/34139/0538C766-7C53-4186-9470-627E40E772E9,https://www.boliga.dk//bbrinfo/0538c766-7c53-4186-9470-627e40e772e9,"(55.71000257, 12.59811116)","Sundkaj 81, 1. th, 2150 Nordhavn",0101,Egentlig beboelseslejlighed,Eget køkken med afløb,"Bolig i etageejendom, flerfamiliehus eller to-familiehus",Badeværelse i enheden,106, 1,106,Vandskyllende toilet i enheden,4, 1,-
25," Sundkaj 67, st. th 2150 Nordhavn ",5600000.0,2022-05-02, Handelstype Alm. frit salg,https://www.boliga.dk//salg/info/101/27127/5B0F2993-429D-4877-910D-130884B654CC,https://www.boliga.dk//bbrinfo/5b0f2993-429d-4877-910d-130884b654cc,"(55.70992515, 12.5969924)","Sundkaj 67, 5., 2150 Nordhavn",0101,Egentlig beboelseslejlighed,Eget køkken med afløb,"Bolig i etageejendom, flerfamiliehus eller to-familiehus",Badeværelse i enheden,88, 2,88,Vandskyllende toilet i enheden,3, 2,400 V el fra værk
26," Sundkaj 67, st. th 2150 Nordhavn ",4121023.0,2016-06-06, Handelstype Alm. frit salg,https://www.boliga.dk//salg/info/101/27127/5B0F2993-429D-4877-910D-130884B654CC,https://www.boliga.dk//bbrinfo/5b0f2993-429d-4877-910d-130884b654cc,"(55.70992515, 12.5969924)","Sundkaj 67, 5., 2150 Nordhavn",0101,Egentlig beboelseslejlighed,Eget køkken med afløb,"Bolig i etageejendom, flerfamiliehus eller to-familiehus",Badeværelse i enheden,88, 2,88,Vandskyllende toilet i enheden,3, 2,400 V el fra værk
27," Trelleborggade 15, 2. 7 2150 Nordhavn ",413339.0,2022-01-02, Handelstype Salg i øvrigt,https://www.boliga.dk//salg/info/101/39337/DEC2B353-EDCC-428D-89C3-7B83D2613F41,https://www.boliga.dk//bbrinfo/dec2b353-edcc-428d-89c3-7b83d2613f41,"(55.70686603, 12.59442831)","Trelleborggade 15, 2150 Nordhavn",0101,Egentlig beboelseslejlighed,Eget køkken med afløb,"Bolig i etageejendom, flerfamiliehus eller to-familiehus",Badeværelse i enheden,121, 1,121,Vandskyllende toilet i enheden,4, 1,-
28," Trelleborggade 15, 2. 7 2150 Nordhavn ",6200000.0,2018-01-03, Handelstype Salg i øvrigt,https://www.boliga.dk//salg/info/101/39337/DEC2B353-EDCC-428D-89C3-7B83D2613F41,https://www.boliga.dk//bbrinfo/dec2b353-edcc-428d-89c3-7b83d2613f41,"(55.70686603, 12.59442831)","Trelleborggade 15, 2150 Nordhavn",0101,Egentlig beboelseslejlighed,Eget køkken med afløb,"Bolig i etageejendom, flerfamiliehus eller to-familiehus",Badeværelse i enheden,121, 1,121,Vandskyllende toilet i enheden,4, 1,-
29," Trelleborggade 15, 2. 7 2150 Nordhavn ",6200000.0,2018-01-03, Handelstype Alm. frit salg,https://www.boliga.dk//salg/info/101/39337/DEC2B353-EDCC-428D-89C3-7B83D2613F41,https://www.boliga.dk//bbrinfo/dec2b353-edcc-428d-89c3-7b83d2613f41,"(55.70686603, 12.59442831)","Trelleborggade 15, 2150 Nordhavn",0101,Egentlig beboelseslejlighed,Eget køkken med afløb,"Bolig i etageejendom, flerfamiliehus eller to-familiehus",Badeværelse i enheden,121, 1,121,Vandskyllende toilet i enheden,4, 1,-
30," Billedvej 6, 2. 1 2150 Nordhavn ",9.0,2022-01-02, Handelstype Salg i øvrigt,https://www.boliga.dk//salg/info/101/39324/4D226045-AEB1-46F3-B207-EEB0A4DFD69F,https://www.boliga.dk//bbrinfo/4d226045-aeb1-46f3-b207-eeb0a4dfd69f,"(55.70715049, 12.59435588)","Billedvej 6, 2150 Nordhavn",0101,Egentlig beboelseslejlighed,Eget køkken med afløb,"Bolig i etageejendom, flerfamiliehus eller to-familiehus",Badeværelse i enheden,107, 1,107,Vandskyllende toilet i enheden,2, 1,-
31," Sundkaj 79, 3. tv 2150 Nordhavn ",6498000.0,2022-07-01, Handelstype Alm. frit salg,https://www.boliga.dk//salg/info/101/34132/40424FEC-DA8D-473B-9B60-A7AE8F21199A,https://www.boliga.dk//bbrinfo/40424fec-da8d-473b-9b60-a7ae8f21199a,"(55.70991297, 12.59805412)","Sundkaj 79, 1. th, 2150 Nordhavn",0101,Egentlig beboelseslejlighed,Eget køkken med afløb,"Bolig i etageejendom, flerfamiliehus eller to-familiehus",Badeværelse i enheden,102, 1,102,Vandskyllende toilet i enheden,4, 1,-
32," Sundkaj 79, 3. tv 2150 Nordhavn ",4900000.0,2019-09-02, Handelstype Alm. frit salg,https://www.boliga.dk//salg/info/101/34132/40424FEC-DA8D-473B-9B60-A7AE8F21199A,https://www.boliga.dk//bbrinfo/40424fec-da8d-473b-9b60-a7ae8f21199a,"(55.70991297, 12.59805412)","Sundkaj 79, 1. th, 2150 Nordhavn",0101,Egentlig beboelseslejlighed,Eget køkken med afløb,"Bolig i etageejendom, flerfamiliehus eller to-familiehus",Badeværelse i enheden,102, 1,102,Vandskyllende toilet i enheden,4, 1,-
33," Murmanskgade 3, st. tv 2150 Nordhavn ",4900000.0,2022-04-01, Handelstype Alm. frit salg,https://www.boliga.dk//salg/info/101/17561/08E7E97B-705C-424D-AE15-7C5A1F971CF0,https://www.boliga.dk//bbrinfo/08e7e97b-705c-424d-ae15-7c5a1f971cf0,"(55.70716738, 12.59860693)","Murmanskgade 3, 3. mf, 2150 Nordhavn",0101,Egentlig beboelseslejlighed,Eget køkken med afløb,"Bolig i etageejendom, flerfamiliehus eller to-familiehus",Badeværelse i enheden,162, 2,162,Vandskyllende toilet i enheden,6, 2,400 V el fra værk
34," Murmanskgade 3, st. tv 2150 Nordhavn ",8595000.0,2020-09-01, Handelstype Alm. frit salg,https://www.boliga.dk//salg/info/101/17561/08E7E97B-705C-424D-AE15-7C5A1F971CF0,https://www.boliga.dk//bbrinfo/08e7e97b-705c-424d-ae15-7c5a1f971cf0,"(55.70716738, 12.59860693)","Murmanskgade 3, 3. mf, 2150 Nordhavn",0101,Egentlig beboelseslejlighed,Eget køkken med afløb,"Bolig i etageejendom, flerfamiliehus eller to-familiehus",Badeværelse i enheden,162, 2,162,Vandskyllende toilet i enheden,6, 2,400 V el fra værk
35," Murmanskgade 3, st. tv 2150 Nordhavn ",5995000.0,2014-01-01, Handelstype Alm. frit salg,https://www.boliga.dk//salg/info/101/17561/08E7E97B-705C-424D-AE15-7C5A1F971CF0,https://www.boliga.dk//bbrinfo/08e7e97b-705c-424d-ae15-7c5a1f971cf0,"(55.70716738, 12.59860693)","Murmanskgade 3, 3. mf, 2150 Nordhavn",0101,Egentlig beboelseslejlighed,Eget køkken med afløb,"Bolig i etageejendom, flerfamiliehus eller to-familiehus",Badeværelse i enheden,162, 2,162,Vandskyllende toilet i enheden,6, 2,400 V el fra værk
36," Murmanskgade 3, 3. mf 2150 Nordhavn ",8972500.0,2022-04-01, Handelstype Alm. frit salg,https://www.boliga.dk//salg/info/101/17572/023E245D-B589-4AE2-8D1D-EA2841FA384F,https://www.boliga.dk//bbrinfo/023e245d-b589-4ae2-8d1d-ea2841fa384f,"(55.70716738, 12.59860693)","Murmanskgade 3, 3. mf, 2150 Nordhavn",0101,Egentlig beboelseslejlighed,Eget køkken med afløb,"Bolig i etageejendom, flerfamiliehus eller to-familiehus",Badeværelse i enheden,139, 1,139,Vandskyllende toilet i enheden,3, 1,400 V el fra værk
37," Murmanskgade 3, 3. mf 2150 Nordhavn ",6345000.0,2015-07-07, Handelstype Alm. frit salg,https://www.boliga.dk//salg/info/101/17572/023E245D-B589-4AE2-8D1D-EA2841FA384F,https://www.boliga.dk//bbrinfo/023e245d-b589-4ae2-8d1d-ea2841fa384f,"(55.70716738, 12.59860693)","Murmanskgade 3, 3. mf, 2150 Nordhavn",0101,Egentlig beboelseslejlighed,Eget køkken med afløb,"Bolig i etageejendom, flerfamiliehus eller to-familiehus",Badeværelse i enheden,139, 1,139,Vandskyllende toilet i enheden,3, 1,400 V el fra værk
38," Fortkaj 30, 2. th 2150 Nordhavn ",21000000.0,2022-02-01, Handelstype Alm. frit salg,https://www.boliga.dk//salg/info/101/23278/0FFC5557-BF65-4A42-977C-893EBAC40034,https://www.boliga.dk//bbrinfo/0ffc5557-bf65-4a42-977c-893ebac40034,"(55.70839574, 12.59807131)","Fortkaj 30, 2150 Nordhavn",0101,Egentlig beboelseslejlighed,Eget køkken med afløb,"Bolig i etageejendom, flerfamiliehus eller to-familiehus",Badeværelse i enheden,293, 3,293,Vandskyllende toilet i enheden,5, 3,400 V el fra værk
39," Fortkaj 30, 2. th 2150 Nordhavn ",14750000.0,2019-01-03, Handelstype Alm. frit salg,https://www.boliga.dk//salg/info/101/23278/0FFC5557-BF65-4A42-977C-893EBAC40034,https://www.boliga.dk//bbrinfo/0ffc5557-bf65-4a42-977c-893ebac40034,"(55.70839574, 12.59807131)","Fortkaj 30, 2150 Nordhavn",0101,Egentlig beboelseslejlighed,Eget køkken med afløb,"Bolig i etageejendom, flerfamiliehus eller to-familiehus",Badeværelse i enheden,293, 3,293,Vandskyllende toilet i enheden,5, 3,400 V el fra værk
40," Fortkaj 30, 2. th 2150 Nordhavn ",13726118.0,2017-07-10, Handelstype Alm. frit salg,https://www.boliga.dk//salg/info/101/23278/0FFC5557-BF65-4A42-977C-893EBAC40034,https://www.boliga.dk//bbrinfo/0ffc5557-bf65-4a42-977c-893ebac40034,"(55.70839574, 12.59807131)","Fortkaj 30, 2150 Nordhavn",0101,Egentlig beboelseslejlighed,Eget køkken med afløb,"Bolig i etageejendom, flerfamiliehus eller to-familiehus",Badeværelse i enheden,293, 3,293,Vandskyllende toilet i enheden,5, 3,400 V el fra værk
41," Trelleborggade 2, 3. mf 2150 Nordhavn ",4595000.0,2022-01-09, Handelstype Alm. frit salg,https://www.boliga.dk//salg/info/101/18817/ACC819CC-643B-40B3-B25F-899B1C680851,https://www.boliga.dk//bbrinfo/acc819cc-643b-40b3-b25f-899b1c680851,"(55.70624485, 12.59183821)","Trelleborggade 2, 2. mf, 2150 Nordhavn",0101,Egentlig beboelseslejlighed,Eget køkken med afløb,"Bolig i etageejendom, flerfamiliehus eller to-familiehus",Badeværelse i enheden,71, 1,71,Vandskyllende toilet i enheden,2, 1,-
42," Trelleborggade 2, 3. mf 2150 Nordhavn ",1657500.0,2021-02-01, Handelstype Familieoverdragelse,https://www.boliga.dk//salg/info/101/18817/ACC819CC-643B-40B3-B25F-899B1C680851,https://www.boliga.dk//bbrinfo/acc819cc-643b-40b3-b25f-899b1c680851,"(55.70624485, 12.59183821)","Trelleborggade 2, 2. mf, 2150 Nordhavn",0101,Egentlig beboelseslejlighed,Eget køkken med afløb,"Bolig i etageejendom, flerfamiliehus eller to-familiehus",Badeværelse i enheden,71, 1,71,Vandskyllende toilet i enheden,2, 1,-
43," Trelleborggade 2, 3. mf 2150 Nordhavn ",3100000.0,2015-04-02, Handelstype Alm. frit salg,https://www.boliga.dk//salg/info/101/18817/ACC819CC-643B-40B3-B25F-899B1C680851,https://www.boliga.dk//bbrinfo/acc819cc-643b-40b3-b25f-899b1c680851,"(55.70624485, 12.59183821)","Trelleborggade 2, 2. mf, 2150 Nordhavn",0101,Egentlig beboelseslejlighed,Eget køkken med afløb,"Bolig i etageejendom, flerfamiliehus eller to-familiehus",Badeværelse i enheden,71, 1,71,Vandskyllende toilet i enheden,2, 1,-
44," Sundkaj 69, 4. tv 2150 Nordhavn ",8250000.0,2022-01-07, Handelstype Alm. frit salg,https://www.boliga.dk//salg/info/101/27123/7312DEFE-BD56-4C53-8540-C83C6FF22118,https://www.boliga.dk//bbrinfo/7312defe-bd56-4c53-8540-c83c6ff22118,"(55.70987215, 12.59726353)","Sundkaj 69, 1. th, 2150 Nordhavn",0101,Egentlig beboelseslejlighed,Eget køkken med afløb,"Bolig i etageejendom, flerfamiliehus eller to-familiehus",Badeværelse i enheden,118, 2,118,Vandskyllende toilet i enheden,3, 2,400 V el fra værk
45," Sundkaj 69, 4. tv 2150 Nordhavn ",6497306.0,2016-01-01, Handelstype Alm. frit salg,https://www.boliga.dk//salg/info/101/27123/7312DEFE-BD56-4C53-8540-C83C6FF22118,https://www.boliga.dk//bbrinfo/7312defe-bd56-4c53-8540-c83c6ff22118,"(55.70987215, 12.59726353)","Sundkaj 69, 1. th, 2150 Nordhavn",0101,Egentlig beboelseslejlighed,Eget køkken med afløb,"Bolig i etageejendom, flerfamiliehus eller to-familiehus",Badeværelse i enheden,118, 2,118,Vandskyllende toilet i enheden,3, 2,400 V el fra værk
46," Helsinkigade 19, st. tv 2150 Nordhavn ",6515000.0,2022-01-03, Handelstype Alm. frit salg,https://www.boliga.dk//salg/info/101/18743/BE386620-39FE-4A28-8976-CA8673675E10,https://www.boliga.dk//bbrinfo/be386620-39fe-4a28-8976-ca8673675e10,"(55.70837293, 12.59617516)","Helsinkigade 19, 3., 2150 Nordhavn",0101,Egentlig beboelseslejlighed,Eget køkken med afløb,"Bolig i etageejendom, flerfamiliehus eller to-familiehus",Badeværelse i enheden,116, 1,116,Vandskyllende toilet i enheden,4, 1,-
47," Helsinkigade 19, st. tv 2150 Nordhavn ",4650000.0,2017-04-05, Handelstype Alm. frit salg,https://www.boliga.dk//salg/info/101/18743/BE386620-39FE-4A28-8976-CA8673675E10,https://www.boliga.dk//bbrinfo/be386620-39fe-4a28-8976-ca8673675e10,"(55.70837293, 12.59617516)","Helsinkigade 19, 3., 2150 Nordhavn",0101,Egentlig beboelseslejlighed,Eget køkken med afløb,"Bolig i etageejendom, flerfamiliehus eller to-familiehus",Badeværelse i enheden,116, 1,116,Vandskyllende toilet i enheden,4, 1,-
48," Helsinkigade 19, st. tv 2150 Nordhavn ",3195000.0,2014-06-10, Handelstype Alm. frit salg,https://www.boliga.dk//salg/info/101/18743/BE386620-39FE-4A28-8976-CA8673675E10,https://www.boliga.dk//bbrinfo/be386620-39fe-4a28-8976-ca8673675e10,"(55.70837293, 12.59617516)","Helsinkigade 19, 3., 2150 Nordhavn",0101,Egentlig beboelseslejlighed,Eget køkken med afløb,"Bolig i etageejendom, flerfamiliehus eller to-familiehus",Badeværelse i enheden,116, 1,116,Vandskyllende toilet i enheden,4, 1,-
49," Århusgade 140, 5. tv 2150 Nordhavn ",2450000.0,2021-12-30, Handelstype Alm. frit salg,https://www.boliga.dk//salg/info/101/16546/71C6A741-07D8-4C9B-9830-94DD92ADF26C,https://www.boliga.dk//bbrinfo/71c6a741-07d8-4c9b-9830-94dd92adf26c,"(55.70763799, 12.59589417)","Århusgade 140, 1. th, 2150 Nordhavn",0101,Egentlig beboelseslejlighed,Eget køkken med afløb,"Bolig i etageejendom, flerfamiliehus eller to-familiehus",Badeværelse i enheden,88, 1,88,Vandskyllende toilet i enheden,3, 1,-
50," Århusgade 140, 5. tv 2150 Nordhavn ",4975000.0,2018-09-07, Handelstype Alm. frit salg,https://www.boliga.dk//salg/info/101/16546/71C6A741-07D8-4C9B-9830-94DD92ADF26C,https://www.boliga.dk//bbrinfo/71c6a741-07d8-4c9b-9830-94dd92adf26c,"(55.70763799, 12.59589417)","Århusgade 140, 1. th, 2150 Nordhavn",0101,Egentlig beboelseslejlighed,Eget køkken med afløb,"Bolig i etageejendom, flerfamiliehus eller to-familiehus",Badeværelse i enheden,88, 1,88,Vandskyllende toilet i enheden,3, 1,-
51," Århusgade 140, 5. tv 2150 Nordhavn ",3975000.0,2015-06-01, Handelstype Alm. frit salg,https://www.boliga.dk//salg/info/101/16546/71C6A741-07D8-4C9B-9830-94DD92ADF26C,https://www.boliga.dk//bbrinfo/71c6a741-07d8-4c9b-9830-94dd92adf26c,"(55.70763799, 12.59589417)","Århusgade 140, 1. th, 2150 Nordhavn",0101,Egentlig beboelseslejlighed,Eget køkken med afløb,"Bolig i etageejendom, flerfamiliehus eller to-familiehus",Badeværelse i enheden,88, 1,88,Vandskyllende toilet i enheden,3, 1,-
52," Århusgade 140, 5. tv 2150 Nordhavn ",3504051.0,2013-02-01, Handelstype Alm. frit salg,https://www.boliga.dk//salg/info/101/16546/71C6A741-07D8-4C9B-9830-94DD92ADF26C,https://www.boliga.dk//bbrinfo/71c6a741-07d8-4c9b-9830-94dd92adf26c,"(55.70763799, 12.59589417)","Århusgade 140, 1. th, 2150 Nordhavn",0101,Egentlig beboelseslejlighed,Eget køkken med afløb,"Bolig i etageejendom, flerfamiliehus eller to-familiehus",Badeværelse i enheden,88, 1,88,Vandskyllende toilet i enheden,3, 1,-
53," Århusgade 142, 5. th 2150 Nordhavn ",6900000.0,2021-06-02, Handelstype Alm. frit salg,https://www.boliga.dk//salg/info/101/15841/69D3AAE8-0D9E-4E93-8FD0-E11ACCAFB5FE,https://www.boliga.dk//bbrinfo/69d3aae8-0d9e-4e93-8fd0-e11accafb5fe,"(55.70766809, 12.59612213)","Århusgade 142, 1. mf, 2150 Nordhavn",0101,Egentlig beboelseslejlighed,Eget køkken med afløb,"Bolig i etageejendom, flerfamiliehus eller to-familiehus",Badeværelse i enheden,104, 1,104,Vandskyllende toilet i enheden,3, 1,-
54," Århusgade 142, 5. th 2150 Nordhavn ",3914095.0,2013-02-01, Handelstype Alm. frit salg,https://www.boliga.dk//salg/info/101/15841/69D3AAE8-0D9E-4E93-8FD0-E11ACCAFB5FE,https://www.boliga.dk//bbrinfo/69d3aae8-0d9e-4e93-8fd0-e11accafb5fe,"(55.70766809, 12.59612213)","Århusgade 142, 1. mf, 2150 Nordhavn",0101,Egentlig beboelseslejlighed,Eget køkken med afløb,"Bolig i etageejendom, flerfamiliehus eller to-familiehus",Badeværelse i enheden,104, 1,104,Vandskyllende toilet i enheden,3, 1,-
55," Trelleborggade 14, 1. th 2150 Nordhavn ",3600000.0,2021-05-02, Handelstype Alm. frit salg,https://www.boliga.dk//salg/info/101/21399/B7A6EE0A-4177-400C-A7A3-35EC29186CFD,https://www.boliga.dk//bbrinfo/b7a6ee0a-4177-400c-a7a3-35ec29186cfd,"(55.70661575, 12.59357322)","Trelleborggade 14, 5., 2150 Nordhavn",0101,Egentlig beboelseslejlighed,Eget køkken med afløb,"Bolig i etageejendom, flerfamiliehus eller to-familiehus",Badeværelse i enheden,58, 1,58,Vandskyllende toilet i enheden,2, 1,-
56," Trelleborggade 14, 1. th 2150 Nordhavn ",2275000.0,2015-03-09, Handelstype Alm. frit salg,https://www.boliga.dk//salg/info/101/21399/B7A6EE0A-4177-400C-A7A3-35EC29186CFD,https://www.boliga.dk//bbrinfo/b7a6ee0a-4177-400c-a7a3-35ec29186cfd,"(55.70661575, 12.59357322)","Trelleborggade 14, 5., 2150 Nordhavn",0101,Egentlig beboelseslejlighed,Eget køkken med afløb,"Bolig i etageejendom, flerfamiliehus eller to-familiehus",Badeværelse i enheden,58, 1,58,Vandskyllende toilet i enheden,2, 1,-
57," Sundkaj 93, 3. tv 2150 Nordhavn ",6375000.0,2021-01-02, Handelstype Alm. frit salg,https://www.boliga.dk//salg/info/101/34076/6538F1BF-8EB4-4769-8DC8-38DE0C411ED3,https://www.boliga.dk//bbrinfo/6538f1bf-8eb4-4769-8dc8-38de0c411ed3,"(55.7097779, 12.59860564)","Sundkaj 93, 1. th, 2150 Nordhavn",0101,Egentlig beboelseslejlighed,Eget køkken med afløb,"Bolig i etageejendom, flerfamiliehus eller to-familiehus",Badeværelse i enheden,100, 1,100,Vandskyllende toilet i enheden,3, 1,-
58," Sundkaj 93, 3. tv 2150 Nordhavn ",4995000.0,2018-04-02, Handelstype Alm. frit salg,https://www.boliga.dk//salg/info/101/34076/6538F1BF-8EB4-4769-8DC8-38DE0C411ED3,https://www.boliga.dk//bbrinfo/6538f1bf-8eb4-4769-8dc8-38de0c411ed3,"(55.7097779, 12.59860564)","Sundkaj 93, 1. th, 2150 Nordhavn",0101,Egentlig beboelseslejlighed,Eget køkken med afløb,"Bolig i etageejendom, flerfamiliehus eller to-familiehus",Badeværelse i enheden,100, 1,100,Vandskyllende toilet i enheden,3, 1,-
59," Fortkaj 20, 1. th 2150 Nordhavn ",6600000.0,2021-12-09, Handelstype Alm. frit salg,https://www.boliga.dk//salg/info/101/18708/B64BAE68-5BFC-4FAC-BD04-B84D4EE3743D,https://www.boliga.dk//bbrinfo/b64bae68-5bfc-4fac-bd04-b84d4ee3743d,"(55.70865592, 12.59648753)","Fortkaj 20, 1. th, 2150 Nordhavn",0101,Egentlig beboelseslejlighed,Eget køkken med afløb,"Bolig i etageejendom, flerfamiliehus eller to-familiehus",Badeværelse i enheden,102, 1,102,Vandskyllende toilet i enheden,4, 1,-
60," Fortkaj 20, 1. th 2150 Nordhavn ",4950000.0,2016-08-01, Handelstype Alm. frit salg,https://www.boliga.dk//salg/info/101/18708/B64BAE68-5BFC-4FAC-BD04-B84D4EE3743D,https://www.boliga.dk//bbrinfo/b64bae68-5bfc-4fac-bd04-b84d4ee3743d,"(55.70865592, 12.59648753)","Fortkaj 20, 1. th, 2150 Nordhavn",0101,Egentlig beboelseslejlighed,Eget køkken med afløb,"Bolig i etageejendom, flerfamiliehus eller to-familiehus",Badeværelse i enheden,102, 1,102,Vandskyllende toilet i enheden,4, 1,-
61," Fortkaj 20, 1. th 2150 Nordhavn ",4495000.0,2014-07-04, Handelstype Alm. frit salg,https://www.boliga.dk//salg/info/101/18708/B64BAE68-5BFC-4FAC-BD04-B84D4EE3743D,https://www.boliga.dk//bbrinfo/b64bae68-5bfc-4fac-bd04-b84d4ee3743d,"(55.70865592, 12.59648753)","Fortkaj 20, 1. th, 2150 Nordhavn",0101,Egentlig beboelseslejlighed,Eget køkken med afløb,"Bolig i etageejendom, flerfamiliehus eller to-familiehus",Badeværelse i enheden,102, 1,102,Vandskyllende toilet i enheden,4, 1,-
62," Murmanskgade 3, 1. mf 2150 Nordhavn ",8295000.0,2021-12-07, Handelstype Alm. frit salg,https://www.boliga.dk//salg/info/101/17565/BD2F6037-1F43-4FA6-B0B8-EF980FF5348D,https://www.boliga.dk//bbrinfo/bd2f6037-1f43-4fa6-b0b8-ef980ff5348d,"(55.70716738, 12.59860693)","Murmanskgade 3, 3. mf, 2150 Nordhavn",0101,Egentlig beboelseslejlighed,Eget køkken med afløb,"Bolig i etageejendom, flerfamiliehus eller to-familiehus",Badeværelse i enheden,139, 1,139,Vandskyllende toilet i enheden,3, 1,400 V el fra værk
63," Murmanskgade 3, 1. mf 2150 Nordhavn ",4995000.0,2013-10-09, Handelstype Alm. frit salg,https://www.boliga.dk//salg/info/101/17565/BD2F6037-1F43-4FA6-B0B8-EF980FF5348D,https://www.boliga.dk//bbrinfo/bd2f6037-1f43-4fa6-b0b8-ef980ff5348d,"(55.70716738, 12.59860693)","Murmanskgade 3, 3. mf, 2150 Nordhavn",0101,Egentlig beboelseslejlighed,Eget køkken med afløb,"Bolig i etageejendom, flerfamiliehus eller to-familiehus",Badeværelse i enheden,139, 1,139,Vandskyllende toilet i enheden,3, 1,400 V el fra værk
64," Sundkaj 71, 3. th 2150 Nordhavn ",9495000.0,2021-12-02, Handelstype Alm. frit salg,https://www.boliga.dk//salg/info/101/27109/FD7FF190-EFD7-4416-A122-374B8C943BF8,https://www.boliga.dk//bbrinfo/fd7ff190-efd7-4416-a122-374b8c943bf8,"(55.70985657, 12.59763541)","Sundkaj 71, 5., 2150 Nordhavn",0101,Egentlig beboelseslejlighed,Eget køkken med afløb,"Bolig i etageejendom, flerfamiliehus eller to-familiehus",Badeværelse i enheden,157, 2,157,Vandskyllende toilet i enheden,5, 2,400 V el fra værk
65," Sundkaj 71, 3. th 2150 Nordhavn ",8600000.0,2019-08-02, Handelstype Alm. frit salg,https://www.boliga.dk//salg/info/101/27109/FD7FF190-EFD7-4416-A122-374B8C943BF8,https://www.boliga.dk//bbrinfo/fd7ff190-efd7-4416-a122-374b8c943bf8,"(55.70985657, 12.59763541)","Sundkaj 71, 5., 2150 Nordhavn",0101,Egentlig beboelseslejlighed,Eget køkken med afløb,"Bolig i etageejendom, flerfamiliehus eller to-familiehus",Badeværelse i enheden,157, 2,157,Vandskyllende toilet i enheden,5, 2,400 V el fra værk
66," Sundkaj 71, 3. th 2150 Nordhavn ",8295000.0,2017-05-01, Handelstype Alm. frit salg,https://www.boliga.dk//salg/info/101/27109/FD7FF190-EFD7-4416-A122-374B8C943BF8,https://www.boliga.dk//bbrinfo/fd7ff190-efd7-4416-a122-374b8c943bf8,"(55.70985657, 12.59763541)","Sundkaj 71, 5., 2150 Nordhavn",0101,Egentlig beboelseslejlighed,Eget køkken med afløb,"Bolig i etageejendom, flerfamiliehus eller to-familiehus",Badeværelse i enheden,157, 2,157,Vandskyllende toilet i enheden,5, 2,400 V el fra værk
67," Helsinkigade 18, 5. 4 2150 Nordhavn ",7750000.0,2021-12-02, Handelstype Alm. frit salg,https://www.boliga.dk//salg/info/101/21582/54716200-A99E-4CEE-BF9D-D1499A16044F,https://www.boliga.dk//bbrinfo/54716200-a99e-4cee-bf9d-d1499a16044f,"(55.70798351, 12.59704886)","Helsinkigade 18, 2. 2, 2150 Nordhavn",0101,Egentlig beboelseslejlighed,Eget køkken med afløb,"Bolig i etageejendom, flerfamiliehus eller to-familiehus",Badeværelse i enheden,103, 1,103,Vandskyllende toilet i enheden,3, 1,-
68," Helsinkigade 18, 5. 4 2150 Nordhavn ",4774606.0,2014-04-01, Handelstype Alm. frit salg,https://www.boliga.dk//salg/info/101/21582/54716200-A99E-4CEE-BF9D-D1499A16044F,https://www.boliga.dk//bbrinfo/54716200-a99e-4cee-bf9d-d1499a16044f,"(55.70798351, 12.59704886)","Helsinkigade 18, 2. 2, 2150 Nordhavn",0101,Egentlig beboelseslejlighed,Eget køkken med afløb,"Bolig i etageejendom, flerfamiliehus eller to-familiehus",Badeværelse i enheden,103, 1,103,Vandskyllende toilet i enheden,3, 1,-
69," Fortkaj 20, 3. tv 2150 Nordhavn ",9000000.0,2021-03-02, Handelstype Alm. frit salg,https://www.boliga.dk//salg/info/101/18712/82EBBD94-4A9C-4A58-8994-E2E74F5F89F2,https://www.boliga.dk//bbrinfo/82ebbd94-4a9c-4a58-8994-e2e74f5f89f2,"(55.70865592, 12.59648753)","Fortkaj 20, 1. th, 2150 Nordhavn",0101,Egentlig beboelseslejlighed,Eget køkken med afløb,"Bolig i etageejendom, flerfamiliehus eller to-familiehus",Badeværelse i enheden,142, 2,142,Vandskyllende toilet i enheden,5, 2,-
70," Fortkaj 20, 3. tv 2150 Nordhavn ",6595000.0,2015-07-01, Handelstype Alm. frit salg,https://www.boliga.dk//salg/info/101/18712/82EBBD94-4A9C-4A58-8994-E2E74F5F89F2,https://www.boliga.dk//bbrinfo/82ebbd94-4a9c-4a58-8994-e2e74f5f89f2,"(55.70865592, 12.59648753)","Fortkaj 20, 1. th, 2150 Nordhavn",0101,Egentlig beboelseslejlighed,Eget køkken med afløb,"Bolig i etageejendom, flerfamiliehus eller to-familiehus",Badeværelse i enheden,142, 2,142,Vandskyllende toilet i enheden,5, 2,-
71, Sundkaj 15 2150 Nordhavn ,9500000.0,2021-08-01, Handelstype Alm. frit salg,https://www.boliga.dk//salg/info/101/33621/42925A18-3313-46EF-B2F0-DBE2532DB3CA,https://www.boliga.dk//bbrinfo/42925a18-3313-46ef-b2f0-dbe2532db3ca,"(55.71067475, 12.59533833)","Sundkaj 15, 2150 Nordhavn",0101,Egentlig beboelseslejlighed,Eget køkken med afløb,"Række-, kæde- og klyngehus",Badeværelse i enheden,146, 2,146,Vandskyllende toilet i enheden,5, 3,-
72," Sankt Petersborg Plads 4, 1. tv 2150 Nordhavn ",6450000.0,2021-07-01, Handelstype Alm. frit salg,https://www.boliga.dk//salg/info/101/17552/E98D9A00-A637-408C-92E4-2CC860BB1FB1,https://www.boliga.dk//bbrinfo/e98d9a00-a637-408c-92e4-2cc860bb1fb1,"(55.70721925, 12.59831326)","Sankt Petersborg Plads 4, 2150 Nordhavn",0101,Egentlig beboelseslejlighed,Eget køkken med afløb,"Bolig i etageejendom, flerfamiliehus eller to-familiehus",Badeværelse i enheden,108, 1,108,Vandskyllende toilet i enheden,4, 1,400 V el fra værk
73," Sankt Petersborg Plads 4, 1. tv 2150 Nordhavn ",3700000.0,2013-11-07, Handelstype Alm. frit salg,https://www.boliga.dk//salg/info/101/17552/E98D9A00-A637-408C-92E4-2CC860BB1FB1,https://www.boliga.dk//bbrinfo/e98d9a00-a637-408c-92e4-2cc860bb1fb1,"(55.70721925, 12.59831326)","Sankt Petersborg Plads 4, 2150 Nordhavn",0101,Egentlig beboelseslejlighed,Eget køkken med afløb,"Bolig i etageejendom, flerfamiliehus eller to-familiehus",Badeværelse i enheden,108, 1,108,Vandskyllende toilet i enheden,4, 1,400 V el fra værk
74," Murmanskgade 3, 5. th 2150 Nordhavn ",6150000.0,2021-04-01, Handelstype Alm. frit salg,https://www.boliga.dk//salg/info/101/17579/24A12444-9B2F-4F37-878C-A59F5366348C,https://www.boliga.dk//bbrinfo/24a12444-9b2f-4f37-878c-a59f5366348c,"(55.70716738, 12.59860693)","Murmanskgade 3, 3. mf, 2150 Nordhavn",0101,Egentlig beboelseslejlighed,Eget køkken med afløb,"Bolig i etageejendom, flerfamiliehus eller to-familiehus",Badeværelse i enheden,100, 1,100,Vandskyllende toilet i enheden,2, 1,400 V el fra værk
75," Murmanskgade 3, 5. th 2150 Nordhavn ",2469712.0,2021-08-01, Handelstype Alm. frit salg,https://www.boliga.dk//salg/info/101/17579/24A12444-9B2F-4F37-878C-A59F5366348C,https://www.boliga.dk//bbrinfo/24a12444-9b2f-4f37-878c-a59f5366348c,"(55.70716738, 12.59860693)","Murmanskgade 3, 3. mf, 2150 Nordhavn",0101,Egentlig beboelseslejlighed,Eget køkken med afløb,"Bolig i etageejendom, flerfamiliehus eller to-familiehus",Badeværelse i enheden,100, 1,100,Vandskyllende toilet i enheden,2, 1,400 V el fra værk
76," Murmanskgade 3, 5. th 2150 Nordhavn ",7850000.0,2019-04-04, Handelstype Alm. frit salg,https://www.boliga.dk//salg/info/101/17579/24A12444-9B2F-4F37-878C-A59F5366348C,https://www.boliga.dk//bbrinfo/24a12444-9b2f-4f37-878c-a59f5366348c,"(55.70716738, 12.59860693)","Murmanskgade 3, 3. mf, 2150 Nordhavn",0101,Egentlig beboelseslejlighed,Eget køkken med afløb,"Bolig i etageejendom, flerfamiliehus eller to-familiehus",Badeværelse i enheden,100, 1,100,Vandskyllende toilet i enheden,2, 1,400 V el fra værk
77," Murmanskgade 3, 5. th 2150 Nordhavn ",7495000.0,2015-05-01, Handelstype Alm. frit salg,https://www.boliga.dk//salg/info/101/17579/24A12444-9B2F-4F37-878C-A59F5366348C,https://www.boliga.dk//bbrinfo/24a12444-9b2f-4f37-878c-a59f5366348c,"(55.70716738, 12.59860693)","Murmanskgade 3, 3. mf, 2150 Nordhavn",0101,Egentlig beboelseslejlighed,Eget køkken med afløb,"Bolig i etageejendom, flerfamiliehus eller to-familiehus",Badeværelse i enheden,100, 1,100,Vandskyllende toilet i enheden,2, 1,400 V el fra værk
78," Fortkaj 30, 6. tv 2150 Nordhavn ",10100000.0,2021-11-08, Handelstype Alm. frit salg,https://www.boliga.dk//salg/info/101/23282/0AEC974A-08AF-45F2-8597-F2A14C09257D,https://www.boliga.dk//bbrinfo/0aec974a-08af-45f2-8597-f2a14c09257d,"(55.70839574, 12.59807131)","Fortkaj 30, 2150 Nordhavn",0101,Egentlig beboelseslejlighed,Eget køkken med afløb,"Bolig i etageejendom, flerfamiliehus eller to-familiehus",Badeværelse i enheden,151, 1,151,Vandskyllende toilet i enheden,5, 1,400 V el fra værk
79," Fortkaj 30, 6. tv 2150 Nordhavn ",7634656.0,2017-09-02, Handelstype Alm. frit salg,https://www.boliga.dk//salg/info/101/23282/0AEC974A-08AF-45F2-8597-F2A14C09257D,https://www.boliga.dk//bbrinfo/0aec974a-08af-45f2-8597-f2a14c09257d,"(55.70839574, 12.59807131)","Fortkaj 30, 2150 Nordhavn",0101,Egentlig beboelseslejlighed,Eget køkken med afløb,"Bolig i etageejendom, flerfamiliehus eller to-familiehus",Badeværelse i enheden,151, 1,151,Vandskyllende toilet i enheden,5, 1,400 V el fra værk
80," Trelleborggade 2, st. mf 2150 Nordhavn ",5795000.0,2021-11-08, Handelstype Alm. frit salg,https://www.boliga.dk//salg/info/101/18796/9221A150-E28F-444E-886F-C92B6CB450DA,https://www.boliga.dk//bbrinfo/9221a150-e28f-444e-886f-c92b6cb450da,"(55.70624485, 12.59183821)","Trelleborggade 2, 2. mf, 2150 Nordhavn",0101,Egentlig beboelseslejlighed,Eget køkken med afløb,"Bolig i etageejendom, flerfamiliehus eller to-familiehus",Badeværelse i enheden,105, 1,105,Vandskyllende toilet i enheden,3, 1,-
81," Trelleborggade 2, st. mf 2150 Nordhavn ",4295000.0,2016-01-02, Handelstype Alm. frit salg,https://www.boliga.dk//salg/info/101/18796/9221A150-E28F-444E-886F-C92B6CB450DA,https://www.boliga.dk//bbrinfo/9221a150-e28f-444e-886f-c92b6cb450da,"(55.70624485, 12.59183821)","Trelleborggade 2, 2. mf, 2150 Nordhavn",0101,Egentlig beboelseslejlighed,Eget køkken med afløb,"Bolig i etageejendom, flerfamiliehus eller to-familiehus",Badeværelse i enheden,105, 1,105,Vandskyllende toilet i enheden,3, 1,-
82," Sundkaj 79, 3. th 2150 Nordhavn ",6495000.0,2021-08-02, Handelstype Alm. frit salg,https://www.boliga.dk//salg/info/101/34133/A6193642-B56E-4E78-9F84-F0F774D14283,https://www.boliga.dk//bbrinfo/a6193642-b56e-4e78-9f84-f0f774d14283,"(55.70991297, 12.59805412)","Sundkaj 79, 1. th, 2150 Nordhavn",0101,Egentlig beboelseslejlighed,Eget køkken med afløb,"Bolig i etageejendom, flerfamiliehus eller to-familiehus",Badeværelse i enheden,97, 1,97,Vandskyllende toilet i enheden,4, 1,-
83," Sundkaj 79, 3. th 2150 Nordhavn ",4995000.0,2017-01-01, Handelstype Alm. frit salg,https://www.boliga.dk//salg/info/101/34133/A6193642-B56E-4E78-9F84-F0F774D14283,https://www.boliga.dk//bbrinfo/a6193642-b56e-4e78-9f84-f0f774d14283,"(55.70991297, 12.59805412)","Sundkaj 79, 1. th, 2150 Nordhavn",0101,Egentlig beboelseslejlighed,Eget køkken med afløb,"Bolig i etageejendom, flerfamiliehus eller to-familiehus",Badeværelse i enheden,97, 1,97,Vandskyllende toilet i enheden,4, 1,-
84, Rostockgade 8 2150 Nordhavn ,24500000.0,2021-08-02, Handelstype Alm. frit salg,https://www.boliga.dk//salg/info/101/15219/5CE60ACE-E3D6-4F06-BC36-971CA69D8E48,https://www.boliga.dk//bbrinfo/5ce60ace-e3d6-4f06-bc36-971ca69d8e48,"(55.70791901, 12.5939728)","Rostockgade 8, 2150 Nordhavn",0101,Egentlig beboelseslejlighed,Eget køkken med afløb,"Række-, kæde- eller dobbelthus (lodret adskillelse mellem enhederne).",Badeværelse i enheden,211, 2,211,Vandskyllende toilet i enheden,6, 2,-
85," Sundkaj 1, 2. th 2150 Nordhavn ",6260000.0,2021-04-02, Handelstype Alm. frit salg,https://www.boliga.dk//salg/info/101/33561/24F9C650-4CA0-436B-8CF5-84467EFE0471,https://www.boliga.dk//bbrinfo/24f9c650-4ca0-436b-8cf5-84467efe0471,"(55.71043548, 12.59549773)","Sundkaj 1, 2150 Nordhavn",0101,Egentlig beboelseslejlighed,Eget køkken med afløb,"Bolig i etageejendom, flerfamiliehus eller to-familiehus",Badeværelse i enheden,92, 1,92,Vandskyllende toilet i enheden,3, 2,-
86," Sundkaj 1, 2. th 2150 Nordhavn ",4529785.0,2019-01-03, Handelstype Alm. frit salg,https://www.boliga.dk//salg/info/101/33561/24F9C650-4CA0-436B-8CF5-84467EFE0471,https://www.boliga.dk//bbrinfo/24f9c650-4ca0-436b-8cf5-84467efe0471,"(55.71043548, 12.59549773)","Sundkaj 1, 2150 Nordhavn",0101,Egentlig beboelseslejlighed,Eget køkken med afløb,"Bolig i etageejendom, flerfamiliehus eller to-familiehus",Badeværelse i enheden,92, 1,92,Vandskyllende toilet i enheden,3, 2,-
87," Sundkaj 79, 1. th 2150 Nordhavn ",5710000.0,2021-02-02, Handelstype Alm. frit salg,https://www.boliga.dk//salg/info/101/34129/51D6318B-4234-40D9-8C8F-FB4C6787D204,https://www.boliga.dk//bbrinfo/51d6318b-4234-40d9-8c8f-fb4c6787d204,"(55.70991297, 12.59805412)","Sundkaj 79, 1. th, 2150 Nordhavn",0101,Egentlig beboelseslejlighed,Eget køkken med afløb,"Bolig i etageejendom, flerfamiliehus eller to-familiehus",Badeværelse i enheden,97, 1,97,Vandskyllende toilet i enheden,4, 1,-
88," Sundkaj 79, 1. th 2150 Nordhavn ",4795000.0,2018-06-01, Handelstype Alm. frit salg,https://www.boliga.dk//salg/info/101/34129/51D6318B-4234-40D9-8C8F-FB4C6787D204,https://www.boliga.dk//bbrinfo/51d6318b-4234-40d9-8c8f-fb4c6787d204,"(55.70991297, 12.59805412)","Sundkaj 79, 1. th, 2150 Nordhavn",0101,Egentlig beboelseslejlighed,Eget køkken med afløb,"Bolig i etageejendom, flerfamiliehus eller to-familiehus",Badeværelse i enheden,97, 1,97,Vandskyllende toilet i enheden,4, 1,-
89," Göteborg Plads 4, 1. mf 2150 Nordhavn ",11400000.0,2021-01-02, Handelstype Alm. frit salg,https://www.boliga.dk//salg/info/101/17610/67362428-5572-4849-804B-A9C7AE81D8B7,https://www.boliga.dk//bbrinfo/67362428-5572-4849-804b-a9c7ae81d8b7,"(55.70683921, 12.59778127)","Göteborg Plads 4, 4. mf, 2150 Nordhavn",0101,Egentlig beboelseslejlighed,Eget køkken med afløb,"Bolig i etageejendom, flerfamiliehus eller to-familiehus",Badeværelse i enheden,156, 2,156,Vandskyllende toilet i enheden,4, 2,400 V el fra værk
90," Göteborg Plads 4, 1. mf 2150 Nordhavn ",7000000.0,2015-03-02, Handelstype Alm. frit salg,https://www.boliga.dk//salg/info/101/17610/67362428-5572-4849-804B-A9C7AE81D8B7,https://www.boliga.dk//bbrinfo/67362428-5572-4849-804b-a9c7ae81d8b7,"(55.70683921, 12.59778127)","Göteborg Plads 4, 4. mf, 2150 Nordhavn",0101,Egentlig beboelseslejlighed,Eget køkken med afløb,"Bolig i etageejendom, flerfamiliehus eller to-familiehus",Badeværelse i enheden,156, 2,156,Vandskyllende toilet i enheden,4, 2,400 V el fra værk
91," Trelleborggade 2, st. th 2150 Nordhavn ",3495000.0,2021-09-01, Handelstype Alm. frit salg,https://www.boliga.dk//salg/info/101/18795/0F1F7187-EB48-437C-8E29-8DD9D29EBDBD,https://www.boliga.dk//bbrinfo/0f1f7187-eb48-437c-8e29-8dd9d29ebdbd,"(55.70624485, 12.59183821)","Trelleborggade 2, 2. mf, 2150 Nordhavn",0101,Egentlig beboelseslejlighed,Eget køkken med afløb,"Bolig i etageejendom, flerfamiliehus eller to-familiehus",Badeværelse i enheden,69, 1,69,Vandskyllende toilet i enheden,2, 1,-
92," Trelleborggade 2, st. th 2150 Nordhavn ",2795000.0,2015-01-01, Handelstype Alm. frit salg,https://www.boliga.dk//salg/info/101/18795/0F1F7187-EB48-437C-8E29-8DD9D29EBDBD,https://www.boliga.dk//bbrinfo/0f1f7187-eb48-437c-8e29-8dd9d29ebdbd,"(55.70624485, 12.59183821)","Trelleborggade 2, 2. mf, 2150 Nordhavn",0101,Egentlig beboelseslejlighed,Eget køkken med afløb,"Bolig i etageejendom, flerfamiliehus eller to-familiehus",Badeværelse i enheden,69, 1,69,Vandskyllende toilet i enheden,2, 1,-
93," Antwerpengade 13, 1. 1 2150 Nordhavn ",4460000.0,2021-07-01, Handelstype Alm. frit salg,https://www.boliga.dk//salg/info/101/16530/4C3AD19F-F999-4880-8375-C6600F4A11E5,https://www.boliga.dk//bbrinfo/4c3ad19f-f999-4880-8375-c6600f4a11e5,"(55.70731023, 12.5960295)","Antwerpengade 13, 1. 1, 2150 Nordhavn",0101,Egentlig beboelseslejlighed,Eget køkken med afløb,"Bolig i etageejendom, flerfamiliehus eller to-familiehus",Badeværelse i enheden,74, 1,74,Vandskyllende toilet i enheden,2, 1,-
94," Antwerpengade 13, 1. 1 2150 Nordhavn ",3750000.0,2020-10-05, Handelstype Alm. frit salg,https://www.boliga.dk//salg/info/101/16530/4C3AD19F-F999-4880-8375-C6600F4A11E5,https://www.boliga.dk//bbrinfo/4c3ad19f-f999-4880-8375-c6600f4a11e5,"(55.70731023, 12.5960295)","Antwerpengade 13, 1. 1, 2150 Nordhavn",0101,Egentlig beboelseslejlighed,Eget køkken med afløb,"Bolig i etageejendom, flerfamiliehus eller to-familiehus",Badeværelse i enheden,74, 1,74,Vandskyllende toilet i enheden,2, 1,-
95," Antwerpengade 13, 1. 1 2150 Nordhavn ",2691935.0,2014-09-08, Handelstype Alm. frit salg,https://www.boliga.dk//salg/info/101/16530/4C3AD19F-F999-4880-8375-C6600F4A11E5,https://www.boliga.dk//bbrinfo/4c3ad19f-f999-4880-8375-c6600f4a11e5,"(55.70731023, 12.5960295)","Antwerpengade 13, 1. 1, 2150 Nordhavn",0101,Egentlig beboelseslejlighed,Eget køkken med afløb,"Bolig i etageejendom, flerfamiliehus eller to-familiehus",Badeværelse i enheden,74, 1,74,Vandskyllende toilet i enheden,2, 1,-
96," Århusgade 142, 1. th 2150 Nordhavn ",5800000.0,2021-03-01, Handelstype Alm. frit salg,https://www.boliga.dk//salg/info/101/15836/4CAA7C3A-C1C4-4E08-A231-369CEDCCBBEC,https://www.boliga.dk//bbrinfo/4caa7c3a-c1c4-4e08-a231-369cedccbbec,"(55.70766809, 12.59612213)","Århusgade 142, 1. mf, 2150 Nordhavn",0101,Egentlig beboelseslejlighed,Eget køkken med afløb,"Bolig i etageejendom, flerfamiliehus eller to-familiehus",Badeværelse i enheden,104, 1,104,Vandskyllende toilet i enheden,3, 1,-
97," Århusgade 142, 1. th 2150 Nordhavn ",3695000.0,2014-07-01, Handelstype Alm. frit salg,https://www.boliga.dk//salg/info/101/15836/4CAA7C3A-C1C4-4E08-A231-369CEDCCBBEC,https://www.boliga.dk//bbrinfo/4caa7c3a-c1c4-4e08-a231-369cedccbbec,"(55.70766809, 12.59612213)","Århusgade 142, 1. mf, 2150 Nordhavn",0101,Egentlig beboelseslejlighed,Eget køkken med afløb,"Bolig i etageejendom, flerfamiliehus eller to-familiehus",Badeværelse i enheden,104, 1,104,Vandskyllende toilet i enheden,3, 1,-
98, Helsinkigade 6D 2150 Nordhavn ,11060000.0,2021-03-01, Handelstype Alm. frit salg,https://www.boliga.dk//salg/info/101/17879/7E2B3748-3E28-47AE-BD95-70FEBC9411DC,https://www.boliga.dk//bbrinfo/7e2b3748-3e28-47ae-bd95-70febc9411dc,"(55.70841247, 12.59453175)","Helsinkigade 6D, 2150 Nordhavn",0101,Egentlig beboelseslejlighed,Eget køkken med afløb,"Række-, kæde- og klyngehus",Badeværelse i enheden,152, 2,152,Vandskyllende toilet i enheden,5, 2,-
99, Helsinkigade 6D 2150 Nordhavn ,6547529.0,2014-09-10, Handelstype Alm. frit salg,https://www.boliga.dk//salg/info/101/17879/7E2B3748-3E28-47AE-BD95-70FEBC9411DC,https://www.boliga.dk//bbrinfo/7e2b3748-3e28-47ae-bd95-70febc9411dc,"(55.70841247, 12.59453175)","Helsinkigade 6D, 2150 Nordhavn",0101,Egentlig beboelseslejlighed,Eget køkken med afløb,"Række-, kæde- og klyngehus",Badeværelse i enheden,152, 2,152,Vandskyllende toilet i enheden,5, 2,-
100," Sundkaj 69, 3. th 2150 Nordhavn ",6795000.0,2021-10-05, Handelstype Alm. frit salg,https://www.boliga.dk//salg/info/101/27122/A917F330-391E-468C-B102-F3D78EAD1AF5,https://www.boliga.dk//bbrinfo/a917f330-391e-468c-b102-f3d78ead1af5,"(55.70987215, 12.59726353)","Sundkaj 69, 1. th, 2150 Nordhavn",0101,Egentlig beboelseslejlighed,Eget køkken med afløb,"Bolig i etageejendom, flerfamiliehus eller to-familiehus",Badeværelse i enheden,106, 2,106,Vandskyllende toilet i enheden,3, 2,400 V el fra værk
101," Sundkaj 69, 3. th 2150 Nordhavn ",5475000.0,2020-06-02, Handelstype Alm. frit salg,https://www.boliga.dk//salg/info/101/27122/A917F330-391E-468C-B102-F3D78EAD1AF5,https://www.boliga.dk//bbrinfo/a917f330-391e-468c-b102-f3d78ead1af5,"(55.70987215, 12.59726353)","Sundkaj 69, 1. th, 2150 Nordhavn",0101,Egentlig beboelseslejlighed,Eget køkken med afløb,"Bolig i etageejendom, flerfamiliehus eller to-familiehus",Badeværelse i enheden,106, 2,106,Vandskyllende toilet i enheden,3, 2,400 V el fra værk
102," Sundkaj 69, 3. th 2150 Nordhavn ",5681501.0,2016-06-02, Handelstype Alm. frit salg,https://www.boliga.dk//salg/info/101/27122/A917F330-391E-468C-B102-F3D78EAD1AF5,https://www.boliga.dk//bbrinfo/a917f330-391e-468c-b102-f3d78ead1af5,"(55.70987215, 12.59726353)","Sundkaj 69, 1. th, 2150 Nordhavn",0101,Egentlig beboelseslejlighed,Eget køkken med afløb,"Bolig i etageejendom, flerfamiliehus eller to-familiehus",Badeværelse i enheden,106, 2,106,Vandskyllende toilet i enheden,3, 2,400 V el fra værk
103," Sundkaj 79, 4. tv 2150 Nordhavn ",9425000.0,2021-10-05, Handelstype Alm. frit salg,https://www.boliga.dk//salg/info/101/34134/673E5943-22DB-4ED8-B344-DB9F0388819B,https://www.boliga.dk//bbrinfo/673e5943-22db-4ed8-b344-db9f0388819b,"(55.70991297, 12.59805412)","Sundkaj 79, 1. th, 2150 Nordhavn",0101,Egentlig beboelseslejlighed,Eget køkken med afløb,"Bolig i etageejendom, flerfamiliehus eller to-familiehus",Badeværelse i enheden,138, 1,138,Vandskyllende toilet i enheden,4, 1,-
104," Sundkaj 79, 4. tv 2150 Nordhavn ",6000000.0,2019-06-04, Handelstype Alm. frit salg,https://www.boliga.dk//salg/info/101/34134/673E5943-22DB-4ED8-B344-DB9F0388819B,https://www.boliga.dk//bbrinfo/673e5943-22db-4ed8-b344-db9f0388819b,"(55.70991297, 12.59805412)","Sundkaj 79, 1. th, 2150 Nordhavn",0101,Egentlig beboelseslejlighed,Eget køkken med afløb,"Bolig i etageejendom, flerfamiliehus eller to-familiehus",Badeværelse i enheden,138, 1,138,Vandskyllende toilet i enheden,4, 1,-
105, Helsinkigade 6C 2150 Nordhavn ,10250000.0,2021-10-04, Handelstype Alm. frit salg,https://www.boliga.dk//salg/info/101/17878/7CEE2FFA-5F81-46CA-8745-EEAB519CBFA8,https://www.boliga.dk//bbrinfo/7cee2ffa-5f81-46ca-8745-eeab519cbfa8,"(55.70843449, 12.5943664)","Helsinkigade 6C, 2150 Nordhavn",0101,Egentlig beboelseslejlighed,Eget køkken med afløb,"Række-, kæde- og klyngehus",Badeværelse i enheden,139, 1,139,Vandskyllende toilet i enheden,5, 2,-
106, Helsinkigade 6C 2150 Nordhavn ,5826524.0,2014-08-01, Handelstype Alm. frit salg,https://www.boliga.dk//salg/info/101/17878/7CEE2FFA-5F81-46CA-8745-EEAB519CBFA8,https://www.boliga.dk//bbrinfo/7cee2ffa-5f81-46ca-8745-eeab519cbfa8,"(55.70843449, 12.5943664)","Helsinkigade 6C, 2150 Nordhavn",0101,Egentlig beboelseslejlighed,Eget køkken med afløb,"Række-, kæde- og klyngehus",Badeværelse i enheden,139, 1,139,Vandskyllende toilet i enheden,5, 2,-
107," Göteborg Plads 12, 1. mf 2150 Nordhavn ",7050000.0,2021-10-03, Handelstype Alm. frit salg,https://www.boliga.dk//salg/info/101/17634/E97E77B1-0933-4C3A-B357-EE8DD60CA76C,https://www.boliga.dk//bbrinfo/e97e77b1-0933-4c3a-b357-ee8dd60ca76c,"(55.70708275, 12.59770637)","Göteborg Plads 12, 1. mf, 2150 Nordhavn",0101,Egentlig beboelseslejlighed,Eget køkken med afløb,"Bolig i etageejendom, flerfamiliehus eller to-familiehus",Badeværelse i enheden,129, 1,129,Vandskyllende toilet i enheden,4, 1,400 V el fra værk
108," Göteborg Plads 12, 1. mf 2150 Nordhavn ",5657500.0,2019-05-01, Handelstype Alm. frit salg,https://www.boliga.dk//salg/info/101/17634/E97E77B1-0933-4C3A-B357-EE8DD60CA76C,https://www.boliga.dk//bbrinfo/e97e77b1-0933-4c3a-b357-ee8dd60ca76c,"(55.70708275, 12.59770637)","Göteborg Plads 12, 1. mf, 2150 Nordhavn",0101,Egentlig beboelseslejlighed,Eget køkken med afløb,"Bolig i etageejendom, flerfamiliehus eller to-familiehus",Badeværelse i enheden,129, 1,129,Vandskyllende toilet i enheden,4, 1,400 V el fra værk
109," Göteborg Plads 12, 1. mf 2150 Nordhavn ",4495000.0,2015-08-01, Handelstype Alm. frit salg,https://www.boliga.dk//salg/info/101/17634/E97E77B1-0933-4C3A-B357-EE8DD60CA76C,https://www.boliga.dk//bbrinfo/e97e77b1-0933-4c3a-b357-ee8dd60ca76c,"(55.70708275, 12.59770637)","Göteborg Plads 12, 1. mf, 2150 Nordhavn",0101,Egentlig beboelseslejlighed,Eget køkken med afløb,"Bolig i etageejendom, flerfamiliehus eller to-familiehus",Badeværelse i enheden,129, 1,129,Vandskyllende toilet i enheden,4, 1,400 V el fra værk
110," Århusgade 142, 5. tv 2150 Nordhavn ",9400000.0,2021-04-02, Handelstype Alm. frit salg,https://www.boliga.dk//salg/info/101/15835/72A23449-C271-4ABA-A323-39CF34E14FE4,https://www.boliga.dk//bbrinfo/72a23449-c271-4aba-a323-39cf34e14fe4,"(55.70766809, 12.59612213)","Århusgade 142, 1. mf, 2150 Nordhavn",0101,Egentlig beboelseslejlighed,Eget køkken med afløb,"Bolig i etageejendom, flerfamiliehus eller to-familiehus",Badeværelse i enheden,129, 1,129,Vandskyllende toilet i enheden,3, 1,-
111," Århusgade 142, 5. tv 2150 Nordhavn ",7295000.0,2017-05-02, Handelstype Alm. frit salg,https://www.boliga.dk//salg/info/101/15835/72A23449-C271-4ABA-A323-39CF34E14FE4,https://www.boliga.dk//bbrinfo/72a23449-c271-4aba-a323-39cf34e14fe4,"(55.70766809, 12.59612213)","Århusgade 142, 1. mf, 2150 Nordhavn",0101,Egentlig beboelseslejlighed,Eget køkken med afløb,"Bolig i etageejendom, flerfamiliehus eller to-familiehus",Badeværelse i enheden,129, 1,129,Vandskyllende toilet i enheden,3, 1,-
112," Århusgade 142, 5. tv 2150 Nordhavn ",5737439.0,2013-06-01, Handelstype Alm. frit salg,https://www.boliga.dk//salg/info/101/15835/72A23449-C271-4ABA-A323-39CF34E14FE4,https://www.boliga.dk//bbrinfo/72a23449-c271-4aba-a323-39cf34e14fe4,"(55.70766809, 12.59612213)","Århusgade 142, 1. mf, 2150 Nordhavn",0101,Egentlig beboelseslejlighed,Eget køkken med afløb,"Bolig i etageejendom, flerfamiliehus eller to-familiehus",Badeværelse i enheden,129, 1,129,Vandskyllende toilet i enheden,3, 1,-
113," Dover Passage 2, 1. tv 2150 Nordhavn ",6150000.0,2021-09-01, Handelstype Alm. frit salg,https://www.boliga.dk//salg/info/101/18736/D8E0A247-A1AC-46DA-A436-91E47C9FF9B1,https://www.boliga.dk//bbrinfo/d8e0a247-a1ac-46da-a436-91e47c9ff9b1,"(55.70849348, 12.59608751)","Dover Passage 2, 2. th, 2150 Nordhavn",0101,Egentlig beboelseslejlighed,Eget køkken med afløb,"Bolig i etageejendom, flerfamiliehus eller to-familiehus",Badeværelse i enheden,109, 1,109,Vandskyllende toilet i enheden,4, 1,-
114," Dover Passage 2, 1. tv 2150 Nordhavn ",4600000.0,2016-02-02, Handelstype Alm. frit salg,https://www.boliga.dk//salg/info/101/18736/D8E0A247-A1AC-46DA-A436-91E47C9FF9B1,https://www.boliga.dk//bbrinfo/d8e0a247-a1ac-46da-a436-91e47c9ff9b1,"(55.70849348, 12.59608751)","Dover Passage 2, 2. th, 2150 Nordhavn",0101,Egentlig beboelseslejlighed,Eget køkken med afløb,"Bolig i etageejendom, flerfamiliehus eller to-familiehus",Badeværelse i enheden,109, 1,109,Vandskyllende toilet i enheden,4, 1,-
115," Dover Passage 2, 1. tv 2150 Nordhavn ",3495000.0,2014-06-10, Handelstype Alm. frit salg,https://www.boliga.dk//salg/info/101/18736/D8E0A247-A1AC-46DA-A436-91E47C9FF9B1,https://www.boliga.dk//bbrinfo/d8e0a247-a1ac-46da-a436-91e47c9ff9b1,"(55.70849348, 12.59608751)","Dover Passage 2, 2. th, 2150 Nordhavn",0101,Egentlig beboelseslejlighed,Eget køkken med afløb,"Bolig i etageejendom, flerfamiliehus eller to-familiehus",Badeværelse i enheden,109, 1,109,Vandskyllende toilet i enheden,4, 1,-
116," Bilbaogade 1, 1. tv 2150 Nordhavn ",3000000.0,2022-04-05, Handelstype Alm. frit salg,https://www.boliga.dk//salg/info/101/983935/7DFF6CFC-B015-4DDD-A9DB-FE8E138ADF4B,https://www.boliga.dk//bbrinfo/7dff6cfc-b015-4ddd-a9db-fe8e138adf4b,"(55.70705585, 12.59458462)","Bilbaogade 1, 2150 Nordhavn",0101,Egentlig beboelseslejlighed,Eget køkken med afløb,"Bolig i etageejendom, flerfamiliehus eller to-familiehus",Badeværelse i enheden,119, 1,119,Vandskyllende toilet i enheden,3, 2,-
117," Sundkaj 91, 1. tv 2150 Nordhavn ",4500000.0,2022-09-02, Handelstype Alm. frit salg,https://www.boliga.dk//salg/info/101/34085/150E79E7-0366-45D5-B18F-19D9B4C0FE69,https://www.boliga.dk//bbrinfo/150e79e7-0366-45d5-b18f-19d9b4c0fe69,"(55.70966782, 12.5985478)","Sundkaj 91, 1. mf, 2150 Nordhavn",0101,Egentlig beboelseslejlighed,Eget køkken med afløb,"Bolig i etageejendom, flerfamiliehus eller to-familiehus",Badeværelse i enheden,63, 1,63,Vandskyllende toilet i enheden,3, 1,-
118," Sundkaj 91, 1. tv 2150 Nordhavn ",3395000.0,2017-09-07, Handelstype Alm. frit salg,https://www.boliga.dk//salg/info/101/34085/150E79E7-0366-45D5-B18F-19D9B4C0FE69,https://www.boliga.dk//bbrinfo/150e79e7-0366-45d5-b18f-19d9b4c0fe69,"(55.70966782, 12.5985478)","Sundkaj 91, 1. mf, 2150 Nordhavn",0101,Egentlig beboelseslejlighed,Eget køkken med afløb,"Bolig i etageejendom, flerfamiliehus eller to-familiehus",Badeværelse i enheden,63, 1,63,Vandskyllende toilet i enheden,3, 1,-
119," Trelleborggade 15, 4. 2 2150 Nordhavn ",4470000.0,2022-03-20, Handelstype Alm. frit salg,https://www.boliga.dk//salg/info/101/39347/6AF973C8-395D-460B-AEFC-AD2DD5D92FEC,https://www.boliga.dk//bbrinfo/6af973c8-395d-460b-aefc-ad2dd5d92fec,"(55.70686603, 12.59442831)","Trelleborggade 15, 2150 Nordhavn",0101,Egentlig beboelseslejlighed,Eget køkken med afløb,"Bolig i etageejendom, flerfamiliehus eller to-familiehus",Badeværelse i enheden,73, 1,73,Vandskyllende toilet i enheden,2, 1,-
120," Trelleborggade 15, 4. 2 2150 Nordhavn ",3788797.0,2017-01-01, Handelstype Alm. frit salg,https://www.boliga.dk//salg/info/101/39347/6AF973C8-395D-460B-AEFC-AD2DD5D92FEC,https://www.boliga.dk//bbrinfo/6af973c8-395d-460b-aefc-ad2dd5d92fec,"(55.70686603, 12.59442831)","Trelleborggade 15, 2150 Nordhavn",0101,Egentlig beboelseslejlighed,Eget køkken med afløb,"Bolig i etageejendom, flerfamiliehus eller to-familiehus",Badeværelse i enheden,73, 1,73,Vandskyllende toilet i enheden,2, 1,-
121," Trelleborggade 20, 1. tv 2150 Nordhavn ",1840000.0,2022-03-09, Handelstype Familieoverdragelse,https://www.boliga.dk//salg/info/101/21435/9AAE7ED5-4494-4378-A44B-FD4E1FE74E12,https://www.boliga.dk//bbrinfo/9aae7ed5-4494-4378-a44b-fd4e1fe74e12,"(55.70667705, 12.59415088)","Trelleborggade 20, 5., 2150 Nordhavn",0101,Egentlig beboelseslejlighed,Eget køkken med afløb,"Bolig i etageejendom, flerfamiliehus eller to-familiehus",Badeværelse i enheden,58, 1,58,Vandskyllende toilet i enheden,2, 1,-
122," Trelleborggade 20, 1. tv 2150 Nordhavn ",2325000.0,2021-02-01, Handelstype Familieoverdragelse,https://www.boliga.dk//salg/info/101/21435/9AAE7ED5-4494-4378-A44B-FD4E1FE74E12,https://www.boliga.dk//bbrinfo/9aae7ed5-4494-4378-a44b-fd4e1fe74e12,"(55.70667705, 12.59415088)","Trelleborggade 20, 5., 2150 Nordhavn",0101,Egentlig beboelseslejlighed,Eget køkken med afløb,"Bolig i etageejendom, flerfamiliehus eller to-familiehus",Badeværelse i enheden,58, 1,58,Vandskyllende toilet i enheden,2, 1,-
123," Trelleborggade 20, 1. tv 2150 Nordhavn ",2325000.0,2021-04-07, Handelstype Familieoverdragelse,https://www.boliga.dk//salg/info/101/21435/9AAE7ED5-4494-4378-A44B-FD4E1FE74E12,https://www.boliga.dk//bbrinfo/9aae7ed5-4494-4378-a44b-fd4e1fe74e12,"(55.70667705, 12.59415088)","Trelleborggade 20, 5., 2150 Nordhavn",0101,Egentlig beboelseslejlighed,Eget køkken med afløb,"Bolig i etageejendom, flerfamiliehus eller to-familiehus",Badeværelse i enheden,58, 1,58,Vandskyllende toilet i enheden,2, 1,-
124," Trelleborggade 20, 1. tv 2150 Nordhavn ",2325000.0,2015-01-01, Handelstype Alm. frit salg,https://www.boliga.dk//salg/info/101/21435/9AAE7ED5-4494-4378-A44B-FD4E1FE74E12,https://www.boliga.dk//bbrinfo/9aae7ed5-4494-4378-a44b-fd4e1fe74e12,"(55.70667705, 12.59415088)","Trelleborggade 20, 5., 2150 Nordhavn",0101,Egentlig beboelseslejlighed,Eget køkken med afløb,"Bolig i etageejendom, flerfamiliehus eller to-familiehus",Badeværelse i enheden,58, 1,58,Vandskyllende toilet i enheden,2, 1,-
125," Murmanskgade 3, 4. tv 2150 Nordhavn ",7195000.0,2022-07-01, Handelstype Alm. frit salg,https://www.boliga.dk//salg/info/101/17574/B9038141-BE72-408A-A065-32EB0D564F98,https://www.boliga.dk//bbrinfo/b9038141-be72-408a-a065-32eb0d564f98,"(55.70716738, 12.59860693)","Murmanskgade 3, 3. mf, 2150 Nordhavn",0101,Egentlig beboelseslejlighed,Eget køkken med afløb,"Bolig i etageejendom, flerfamiliehus eller to-familiehus",Badeværelse i enheden,117, 1,117,Vandskyllende toilet i enheden,3, 1,400 V el fra værk
126," Murmanskgade 3, 4. tv 2150 Nordhavn ",5750000.0,2017-12-01, Handelstype Alm. frit salg,https://www.boliga.dk//salg/info/101/17574/B9038141-BE72-408A-A065-32EB0D564F98,https://www.boliga.dk//bbrinfo/b9038141-be72-408a-a065-32eb0d564f98,"(55.70716738, 12.59860693)","Murmanskgade 3, 3. mf, 2150 Nordhavn",0101,Egentlig beboelseslejlighed,Eget køkken med afløb,"Bolig i etageejendom, flerfamiliehus eller to-familiehus",Badeværelse i enheden,117, 1,117,Vandskyllende toilet i enheden,3, 1,400 V el fra værk
127," Murmanskgade 3, 4. tv 2150 Nordhavn ",3495000.0,2013-07-01, Handelstype Alm. frit salg,https://www.boliga.dk//salg/info/101/17574/B9038141-BE72-408A-A065-32EB0D564F98,https://www.boliga.dk//bbrinfo/b9038141-be72-408a-a065-32eb0d564f98,"(55.70716738, 12.59860693)","Murmanskgade 3, 3. mf, 2150 Nordhavn",0101,Egentlig beboelseslejlighed,Eget køkken med afløb,"Bolig i etageejendom, flerfamiliehus eller to-familiehus",Badeværelse i enheden,117, 1,117,Vandskyllende toilet i enheden,3, 1,400 V el fra værk
128," Sundkaj 71, st. th 2150 Nordhavn ",2625000.0,2022-06-01, Handelstype Alm. frit salg,https://www.boliga.dk//salg/info/101/27101/F7549128-2C9B-45F4-8AC5-6F5F5F4B9A3D,https://www.boliga.dk//bbrinfo/f7549128-2c9b-45f4-8ac5-6f5f5f4b9a3d,"(55.70985657, 12.59763541)","Sundkaj 71, 5., 2150 Nordhavn",0101,Egentlig beboelseslejlighed,Eget køkken med afløb,"Bolig i etageejendom, flerfamiliehus eller to-familiehus",Badeværelse i enheden,47, 1,47,Vandskyllende toilet i enheden,2, 1,400 V el fra værk
129," Sundkaj 71, st. th 2150 Nordhavn ",1975267.0,2016-05-06, Handelstype Alm. frit salg,https://www.boliga.dk//salg/info/101/27101/F7549128-2C9B-45F4-8AC5-6F5F5F4B9A3D,https://www.boliga.dk//bbrinfo/f7549128-2c9b-45f4-8ac5-6f5f5f4b9a3d,"(55.70985657, 12.59763541)","Sundkaj 71, 5., 2150 Nordhavn",0101,Egentlig beboelseslejlighed,Eget køkken med afløb,"Bolig i etageejendom, flerfamiliehus eller to-familiehus",Badeværelse i enheden,47, 1,47,Vandskyllende toilet i enheden,2, 1,400 V el fra værk
130," Sundkaj 81, 2. tv 2150 Nordhavn ",6450000.0,2022-03-01, Handelstype Alm. frit salg,https://www.boliga.dk//salg/info/101/34142/451DA3D3-0C99-432F-A3FB-E644F11A8F3E,https://www.boliga.dk//bbrinfo/451da3d3-0c99-432f-a3fb-e644f11a8f3e,"(55.71000257, 12.59811116)","Sundkaj 81, 1. th, 2150 Nordhavn",0101,Egentlig beboelseslejlighed,Eget køkken med afløb,"Bolig i etageejendom, flerfamiliehus eller to-familiehus",Badeværelse i enheden,97, 1,97,Vandskyllende toilet i enheden,4, 1,-
131," Sundkaj 81, 2. tv 2150 Nordhavn ",4895000.0,2018-09-02, Handelstype Alm. frit salg,https://www.boliga.dk//salg/info/101/34142/451DA3D3-0C99-432F-A3FB-E644F11A8F3E,https://www.boliga.dk//bbrinfo/451da3d3-0c99-432f-a3fb-e644f11a8f3e,"(55.71000257, 12.59811116)","Sundkaj 81, 1. th, 2150 Nordhavn",0101,Egentlig beboelseslejlighed,Eget køkken med afløb,"Bolig i etageejendom, flerfamiliehus eller to-familiehus",Badeværelse i enheden,97, 1,97,Vandskyllende toilet i enheden,4, 1,-
132," Helsinkigade 20, 7. 1 2150 Nordhavn ",9000000.0,2022-02-06, Handelstype Alm. frit salg,https://www.boliga.dk//salg/info/101/21630/9D31B5B3-EDC2-4B19-830F-97EF5E6CB03E,https://www.boliga.dk//bbrinfo/9d31b5b3-edc2-4b19-830f-97ef5e6cb03e,"(55.70792825, 12.59733266)","Helsinkigade 20, 10., 2150 Nordhavn",0101,Egentlig beboelseslejlighed,Eget køkken med afløb,"Bolig i etageejendom, flerfamiliehus eller to-familiehus",Badeværelse i enheden,114, 1,114,Vandskyllende toilet i enheden,3, 2,-
133," Helsinkigade 20, 7. 1 2150 Nordhavn ",5662785.0,2016-06-06, Handelstype Alm. frit salg,https://www.boliga.dk//salg/info/101/21630/9D31B5B3-EDC2-4B19-830F-97EF5E6CB03E,https://www.boliga.dk//bbrinfo/9d31b5b3-edc2-4b19-830f-97ef5e6cb03e,"(55.70792825, 12.59733266)","Helsinkigade 20, 10., 2150 Nordhavn",0101,Egentlig beboelseslejlighed,Eget køkken med afløb,"Bolig i etageejendom, flerfamiliehus eller to-familiehus",Badeværelse i enheden,114, 1,114,Vandskyllende toilet i enheden,3, 2,-
134," Århusgade 131A, 1. th 2150 Nordhavn ",8000000.0,2022-02-01, Handelstype Alm. frit salg,https://www.boliga.dk//salg/info/101/19595/E1D4FEA9-1D51-45AB-8679-39527E371E46,https://www.boliga.dk//bbrinfo/e1d4fea9-1d51-45ab-8679-39527e371e46,"(55.70773906, 12.59402888)","Århusgade 131A, 1. mf, 2150 Nordhavn",0101,Egentlig beboelseslejlighed,Eget køkken med afløb,"Bolig i etageejendom, flerfamiliehus eller to-familiehus",Badeværelse i enheden,130, 2,130,Vandskyllende toilet i enheden,5, 2,230 V el fra værk
135," Århusgade 131A, 1. th 2150 Nordhavn ",5910000.0,2018-01-02, Handelstype Alm. frit salg,https://www.boliga.dk//salg/info/101/19595/E1D4FEA9-1D51-45AB-8679-39527E371E46,https://www.boliga.dk//bbrinfo/e1d4fea9-1d51-45ab-8679-39527e371e46,"(55.70773906, 12.59402888)","Århusgade 131A, 1. mf, 2150 Nordhavn",0101,Egentlig beboelseslejlighed,Eget køkken med afløb,"Bolig i etageejendom, flerfamiliehus eller to-familiehus",Badeværelse i enheden,130, 2,130,Vandskyllende toilet i enheden,5, 2,230 V el fra værk
136," Århusgade 131A, 1. th 2150 Nordhavn ",5233094.0,2015-04-20, Handelstype Alm. frit salg,https://www.boliga.dk//salg/info/101/19595/E1D4FEA9-1D51-45AB-8679-39527E371E46,https://www.boliga.dk//bbrinfo/e1d4fea9-1d51-45ab-8679-39527e371e46,"(55.70773906, 12.59402888)","Århusgade 131A, 1. mf, 2150 Nordhavn",0101,Egentlig beboelseslejlighed,Eget køkken med afløb,"Bolig i etageejendom, flerfamiliehus eller to-familiehus",Badeværelse i enheden,130, 2,130,Vandskyllende toilet i enheden,5, 2,230 V el fra værk
137, Århusgade 135 2150 Nordhavn ,13750000.0,2022-01-03, Handelstype Alm. frit salg,https://www.boliga.dk//salg/info/101/19130/19FD727C-5267-4AC2-BC27-C6033A851904,https://www.boliga.dk//bbrinfo/19fd727c-5267-4ac2-bc27-c6033a851904,"(55.70779634, 12.59426522)","Århusgade 135, 2150 Nordhavn",0101,Egentlig beboelseslejlighed,Eget køkken med afløb,"Række-, kæde- og klyngehus",Badeværelse i enheden,150, 2,150,Vandskyllende toilet i enheden,4, 3,-
138, Århusgade 135 2150 Nordhavn ,7836586.0,2015-04-09, Handelstype Alm. frit salg,https://www.boliga.dk//salg/info/101/19130/19FD727C-5267-4AC2-BC27-C6033A851904,https://www.boliga.dk//bbrinfo/19fd727c-5267-4ac2-bc27-c6033a851904,"(55.70779634, 12.59426522)","Århusgade 135, 2150 Nordhavn",0101,Egentlig beboelseslejlighed,Eget køkken med afløb,"Række-, kæde- og klyngehus",Badeværelse i enheden,150, 2,150,Vandskyllende toilet i enheden,4, 3,-
139," Sundkaj 81, 1. th 2150 Nordhavn ",6400000.0,2022-07-02, Handelstype Alm. frit salg,https://www.boliga.dk//salg/info/101/34139/0538C766-7C53-4186-9470-627E40E772E9,https://www.boliga.dk//bbrinfo/0538c766-7c53-4186-9470-627e40e772e9,"(55.71000257, 12.59811116)","Sundkaj 81, 1. th, 2150 Nordhavn",0101,Egentlig beboelseslejlighed,Eget køkken med afløb,"Bolig i etageejendom, flerfamiliehus eller to-familiehus",Badeværelse i enheden,106, 1,106,Vandskyllende toilet i enheden,4, 1,-
140," Sundkaj 81, 1. th 2150 Nordhavn ",4795000.0,2018-06-05, Handelstype Alm. frit salg,https://www.boliga.dk//salg/info/101/34139/0538C766-7C53-4186-9470-627E40E772E9,https://www.boliga.dk//bbrinfo/0538c766-7c53-4186-9470-627e40e772e9,"(55.71000257, 12.59811116)","Sundkaj 81, 1. th, 2150 Nordhavn",0101,Egentlig beboelseslejlighed,Eget køkken med afløb,"Bolig i etageejendom, flerfamiliehus eller to-familiehus",Badeværelse i enheden,106, 1,106,Vandskyllende toilet i enheden,4, 1,-
141," Sundkaj 67, st. th 2150 Nordhavn ",5600000.0,2022-05-02, Handelstype Alm. frit salg,https://www.boliga.dk//salg/info/101/27127/5B0F2993-429D-4877-910D-130884B654CC,https://www.boliga.dk//bbrinfo/5b0f2993-429d-4877-910d-130884b654cc,"(55.70992515, 12.5969924)","Sundkaj 67, 5., 2150 Nordhavn",0101,Egentlig beboelseslejlighed,Eget køkken med afløb,"Bolig i etageejendom, flerfamiliehus eller to-familiehus",Badeværelse i enheden,88, 2,88,Vandskyllende toilet i enheden,3, 2,400 V el fra værk
142," Sundkaj 67, st. th 2150 Nordhavn ",4121023.0,2016-06-06, Handelstype Alm. frit salg,https://www.boliga.dk//salg/info/101/27127/5B0F2993-429D-4877-910D-130884B654CC,https://www.boliga.dk//bbrinfo/5b0f2993-429d-4877-910d-130884b654cc,"(55.70992515, 12.5969924)","Sundkaj 67, 5., 2150 Nordhavn",0101,Egentlig beboelseslejlighed,Eget køkken med afløb,"Bolig i etageejendom, flerfamiliehus eller to-familiehus",Badeværelse i enheden,88, 2,88,Vandskyllende toilet i enheden,3, 2,400 V el fra værk
143," Trelleborggade 15, 2. 7 2150 Nordhavn ",413339.0,2022-01-02, Handelstype Salg i øvrigt,https://www.boliga.dk//salg/info/101/39337/DEC2B353-EDCC-428D-89C3-7B83D2613F41,https://www.boliga.dk//bbrinfo/dec2b353-edcc-428d-89c3-7b83d2613f41,"(55.70686603, 12.59442831)","Trelleborggade 15, 2150 Nordhavn",0101,Egentlig beboelseslejlighed,Eget køkken med afløb,"Bolig i etageejendom, flerfamiliehus eller to-familiehus",Badeværelse i enheden,121, 1,121,Vandskyllende toilet i enheden,4, 1,-
144," Trelleborggade 15, 2. 7 2150 Nordhavn ",6200000.0,2018-01-03, Handelstype Salg i øvrigt,https://www.boliga.dk//salg/info/101/39337/DEC2B353-EDCC-428D-89C3-7B83D2613F41,https://www.boliga.dk//bbrinfo/dec2b353-edcc-428d-89c3-7b83d2613f41,"(55.70686603, 12.59442831)","Trelleborggade 15, 2150 Nordhavn",0101,Egentlig beboelseslejlighed,Eget køkken med afløb,"Bolig i etageejendom, flerfamiliehus eller to-familiehus",Badeværelse i enheden,121, 1,121,Vandskyllende toilet i enheden,4, 1,-
145," Trelleborggade 15, 2. 7 2150 Nordhavn ",6200000.0,2018-01-03, Handelstype Alm. frit salg,https://www.boliga.dk//salg/info/101/39337/DEC2B353-EDCC-428D-89C3-7B83D2613F41,https://www.boliga.dk//bbrinfo/dec2b353-edcc-428d-89c3-7b83d2613f41,"(55.70686603, 12.59442831)","Trelleborggade 15, 2150 Nordhavn",0101,Egentlig beboelseslejlighed,Eget køkken med afløb,"Bolig i etageejendom, flerfamiliehus eller to-familiehus",Badeværelse i enheden,121, 1,121,Vandskyllende toilet i enheden,4, 1,-
146," Billedvej 6, 2. 1 2150 Nordhavn ",9.0,2022-01-02, Handelstype Salg i øvrigt,https://www.boliga.dk//salg/info/101/39324/4D226045-AEB1-46F3-B207-EEB0A4DFD69F,https://www.boliga.dk//bbrinfo/4d226045-aeb1-46f3-b207-eeb0a4dfd69f,"(55.70715049, 12.59435588)","Billedvej 6, 2150 Nordhavn",0101,Egentlig beboelseslejlighed,Eget køkken med afløb,"Bolig i etageejendom, flerfamiliehus eller to-familiehus",Badeværelse i enheden,107, 1,107,Vandskyllende toilet i enheden,2, 1,-
147," Sundkaj 79, 3. tv 2150 Nordhavn ",6498000.0,2022-07-01, Handelstype Alm. frit salg,https://www.boliga.dk//salg/info/101/34132/40424FEC-DA8D-473B-9B60-A7AE8F21199A,https://www.boliga.dk//bbrinfo/40424fec-da8d-473b-9b60-a7ae8f21199a,"(55.70991297, 12.59805412)","Sundkaj 79, 1. th, 2150 Nordhavn",0101,Egentlig beboelseslejlighed,Eget køkken med afløb,"Bolig i etageejendom, flerfamiliehus eller to-familiehus",Badeværelse i enheden,102, 1,102,Vandskyllende toilet i enheden,4, 1,-
148," Sundkaj 79, 3. tv 2150 Nordhavn ",4900000.0,2019-09-02, Handelstype Alm. frit salg,https://www.boliga.dk//salg/info/101/34132/40424FEC-DA8D-473B-9B60-A7AE8F21199A,https://www.boliga.dk//bbrinfo/40424fec-da8d-473b-9b60-a7ae8f21199a,"(55.70991297, 12.59805412)","Sundkaj 79, 1. th, 2150 Nordhavn",0101,Egentlig beboelseslejlighed,Eget køkken med afløb,"Bolig i etageejendom, flerfamiliehus eller to-familiehus",Badeværelse i enheden,102, 1,102,Vandskyllende toilet i enheden,4, 1,-
149," Murmanskgade 3, st. tv 2150 Nordhavn ",4900000.0,2022-04-01, Handelstype Alm. frit salg,https://www.boliga.dk//salg/info/101/17561/08E7E97B-705C-424D-AE15-7C5A1F971CF0,https://www.boliga.dk//bbrinfo/08e7e97b-705c-424d-ae15-7c5a1f971cf0,"(55.70716738, 12.59860693)","Murmanskgade 3, 3. mf, 2150 Nordhavn",0101,Egentlig beboelseslejlighed,Eget køkken med afløb,"Bolig i etageejendom, flerfamiliehus eller to-familiehus",Badeværelse i enheden,162, 2,162,Vandskyllende toilet i enheden,6, 2,400 V el fra værk
150," Murmanskgade 3, st. tv 2150 Nordhavn ",8595000.0,2020-09-01, Handelstype Alm. frit salg,https://www.boliga.dk//salg/info/101/17561/08E7E97B-705C-424D-AE15-7C5A1F971CF0,https://www.boliga.dk//bbrinfo/08e7e97b-705c-424d-ae15-7c5a1f971cf0,"(55.70716738, 12.59860693)","Murmanskgade 3, 3. mf, 2150 Nordhavn",0101,Egentlig beboelseslejlighed,Eget køkken med afløb,"Bolig i etageejendom, flerfamiliehus eller to-familiehus",Badeværelse i enheden,162, 2,162,Vandskyllende toilet i enheden,6, 2,400 V el fra værk
151," Murmanskgade 3, st. tv 2150 Nordhavn ",5995000.0,2014-01-01, Handelstype Alm. frit salg,https://www.boliga.dk//salg/info/101/17561/08E7E97B-705C-424D-AE15-7C5A1F971CF0,https://www.boliga.dk//bbrinfo/08e7e97b-705c-424d-ae15-7c5a1f971cf0,"(55.70716738, 12.59860693)","Murmanskgade 3, 3. mf, 2150 Nordhavn",0101,Egentlig beboelseslejlighed,Eget køkken med afløb,"Bolig i etageejendom, flerfamiliehus eller to-familiehus",Badeværelse i enheden,162, 2,162,Vandskyllende toilet i enheden,6, 2,400 V el fra værk
152," Murmanskgade 3, 3. mf 2150 Nordhavn ",8972500.0,2022-04-01, Handelstype Alm. frit salg,https://www.boliga.dk//salg/info/101/17572/023E245D-B589-4AE2-8D1D-EA2841FA384F,https://www.boliga.dk//bbrinfo/023e245d-b589-4ae2-8d1d-ea2841fa384f,"(55.70716738, 12.59860693)","Murmanskgade 3, 3. mf, 2150 Nordhavn",0101,Egentlig beboelseslejlighed,Eget køkken med afløb,"Bolig i etageejendom, flerfamiliehus eller to-familiehus",Badeværelse i enheden,139, 1,139,Vandskyllende toilet i enheden,3, 1,400 V el fra værk
153," Murmanskgade 3, 3. mf 2150 Nordhavn ",6345000.0,2015-07-07, Handelstype Alm. frit salg,https://www.boliga.dk//salg/info/101/17572/023E245D-B589-4AE2-8D1D-EA2841FA384F,https://www.boliga.dk//bbrinfo/023e245d-b589-4ae2-8d1d-ea2841fa384f,"(55.70716738, 12.59860693)","Murmanskgade 3, 3. mf, 2150 Nordhavn",0101,Egentlig beboelseslejlighed,Eget køkken med afløb,"Bolig i etageejendom, flerfamiliehus eller to-familiehus",Badeværelse i enheden,139, 1,139,Vandskyllende toilet i enheden,3, 1,400 V el fra værk
154," Fortkaj 30, 2. th 2150 Nordhavn ",21000000.0,2022-02-01, Handelstype Alm. frit salg,https://www.boliga.dk//salg/info/101/23278/0FFC5557-BF65-4A42-977C-893EBAC40034,https://www.boliga.dk//bbrinfo/0ffc5557-bf65-4a42-977c-893ebac40034,"(55.70839574, 12.59807131)","Fortkaj 30, 2150 Nordhavn",0101,Egentlig beboelseslejlighed,Eget køkken med afløb,"Bolig i etageejendom, flerfamiliehus eller to-familiehus",Badeværelse i enheden,293, 3,293,Vandskyllende toilet i enheden,5, 3,400 V el fra værk
155," Fortkaj 30, 2. th 2150 Nordhavn ",14750000.0,2019-01-03, Handelstype Alm. frit salg,https://www.boliga.dk//salg/info/101/23278/0FFC5557-BF65-4A42-977C-893EBAC40034,https://www.boliga.dk//bbrinfo/0ffc5557-bf65-4a42-977c-893ebac40034,"(55.70839574, 12.59807131)","Fortkaj 30, 2150 Nordhavn",0101,Egentlig beboelseslejlighed,Eget køkken med afløb,"Bolig i etageejendom, flerfamiliehus eller to-familiehus",Badeværelse i enheden,293, 3,293,Vandskyllende toilet i enheden,5, 3,400 V el fra værk
156," Fortkaj 30, 2. th 2150 Nordhavn ",13726118.0,2017-07-10, Handelstype Alm. frit salg,https://www.boliga.dk//salg/info/101/23278/0FFC5557-BF65-4A42-977C-893EBAC40034,https://www.boliga.dk//bbrinfo/0ffc5557-bf65-4a42-977c-893ebac40034,"(55.70839574, 12.59807131)","Fortkaj 30, 2150 Nordhavn",0101,Egentlig beboelseslejlighed,Eget køkken med afløb,"Bolig i etageejendom, flerfamiliehus eller to-familiehus",Badeværelse i enheden,293, 3,293,Vandskyllende toilet i enheden,5, 3,400 V el fra værk
157," Trelleborggade 2, 3. mf 2150 Nordhavn ",4595000.0,2022-01-09, Handelstype Alm. frit salg,https://www.boliga.dk//salg/info/101/18817/ACC819CC-643B-40B3-B25F-899B1C680851,https://www.boliga.dk//bbrinfo/acc819cc-643b-40b3-b25f-899b1c680851,"(55.70624485, 12.59183821)","Trelleborggade 2, 2. mf, 2150 Nordhavn",0101,Egentlig beboelseslejlighed,Eget køkken med afløb,"Bolig i etageejendom, flerfamiliehus eller to-familiehus",Badeværelse i enheden,71, 1,71,Vandskyllende toilet i enheden,2, 1,-
158," Trelleborggade 2, 3. mf 2150 Nordhavn ",1657500.0,2021-02-01, Handelstype Familieoverdragelse,https://www.boliga.dk//salg/info/101/18817/ACC819CC-643B-40B3-B25F-899B1C680851,https://www.boliga.dk//bbrinfo/acc819cc-643b-40b3-b25f-899b1c680851,"(55.70624485, 12.59183821)","Trelleborggade 2, 2. mf, 2150 Nordhavn",0101,Egentlig beboelseslejlighed,Eget køkken med afløb,"Bolig i etageejendom, flerfamiliehus eller to-familiehus",Badeværelse i enheden,71, 1,71,Vandskyllende toilet i enheden,2, 1,-
159," Trelleborggade 2, 3. mf 2150 Nordhavn ",3100000.0,2015-04-02, Handelstype Alm. frit salg,https://www.boliga.dk//salg/info/101/18817/ACC819CC-643B-40B3-B25F-899B1C680851,https://www.boliga.dk//bbrinfo/acc819cc-643b-40b3-b25f-899b1c680851,"(55.70624485, 12.59183821)","Trelleborggade 2, 2. mf, 2150 Nordhavn",0101,Egentlig beboelseslejlighed,Eget køkken med afløb,"Bolig i etageejendom, flerfamiliehus eller to-familiehus",Badeværelse i enheden,71, 1,71,Vandskyllende toilet i enheden,2, 1,-
160," Sundkaj 69, 4. tv 2150 Nordhavn ",8250000.0,2022-01-07, Handelstype Alm. frit salg,https://www.boliga.dk//salg/info/101/27123/7312DEFE-BD56-4C53-8540-C83C6FF22118,https://www.boliga.dk//bbrinfo/7312defe-bd56-4c53-8540-c83c6ff22118,"(55.70987215, 12.59726353)","Sundkaj 69, 1. th, 2150 Nordhavn",0101,Egentlig beboelseslejlighed,Eget køkken med afløb,"Bolig i etageejendom, flerfamiliehus eller to-familiehus",Badeværelse i enheden,118, 2,118,Vandskyllende toilet i enheden,3, 2,400 V el fra værk
161," Sundkaj 69, 4. tv 2150 Nordhavn ",6497306.0,2016-01-01, Handelstype Alm. frit salg,https://www.boliga.dk//salg/info/101/27123/7312DEFE-BD56-4C53-8540-C83C6FF22118,https://www.boliga.dk//bbrinfo/7312defe-bd56-4c53-8540-c83c6ff22118,"(55.70987215, 12.59726353)","Sundkaj 69, 1. th, 2150 Nordhavn",0101,Egentlig beboelseslejlighed,Eget køkken med afløb,"Bolig i etageejendom, flerfamiliehus eller to-familiehus",Badeværelse i enheden,118, 2,118,Vandskyllende toilet i enheden,3, 2,400 V el fra værk
162," Helsinkigade 19, st. tv 2150 Nordhavn ",6515000.0,2022-01-03, Handelstype Alm. frit salg,https://www.boliga.dk//salg/info/101/18743/BE386620-39FE-4A28-8976-CA8673675E10,https://www.boliga.dk//bbrinfo/be386620-39fe-4a28-8976-ca8673675e10,"(55.70837293, 12.59617516)","Helsinkigade 19, 3., 2150 Nordhavn",0101,Egentlig beboelseslejlighed,Eget køkken med afløb,"Bolig i etageejendom, flerfamiliehus eller to-familiehus",Badeværelse i enheden,116, 1,116,Vandskyllende toilet i enheden,4, 1,-
163," Helsinkigade 19, st. tv 2150 Nordhavn ",4650000.0,2017-04-05, Handelstype Alm. frit salg,https://www.boliga.dk//salg/info/101/18743/BE386620-39FE-4A28-8976-CA8673675E10,https://www.boliga.dk//bbrinfo/be386620-39fe-4a28-8976-ca8673675e10,"(55.70837293, 12.59617516)","Helsinkigade 19, 3., 2150 Nordhavn",0101,Egentlig beboelseslejlighed,Eget køkken med afløb,"Bolig i etageejendom, flerfamiliehus eller to-familiehus",Badeværelse i enheden,116, 1,116,Vandskyllende toilet i enheden,4, 1,-
164," Helsinkigade 19, st. tv 2150 Nordhavn ",3195000.0,2014-06-10, Handelstype Alm. frit salg,https://www.boliga.dk//salg/info/101/18743/BE386620-39FE-4A28-8976-CA8673675E10,https://www.boliga.dk//bbrinfo/be386620-39fe-4a28-8976-ca8673675e10,"(55.70837293, 12.59617516)","Helsinkigade 19, 3., 2150 Nordhavn",0101,Egentlig beboelseslejlighed,Eget køkken med afløb,"Bolig i etageejendom, flerfamiliehus eller to-familiehus",Badeværelse i enheden,116, 1,116,Vandskyllende toilet i enheden,4, 1,-
165," Århusgade 140, 5. tv 2150 Nordhavn ",2450000.0,2021-12-30, Handelstype Alm. frit salg,https://www.boliga.dk//salg/info/101/16546/71C6A741-07D8-4C9B-9830-94DD92ADF26C,https://www.boliga.dk//bbrinfo/71c6a741-07d8-4c9b-9830-94dd92adf26c,"(55.70763799, 12.59589417)","Århusgade 140, 1. th, 2150 Nordhavn",0101,Egentlig beboelseslejlighed,Eget køkken med afløb,"Bolig i etageejendom, flerfamiliehus eller to-familiehus",Badeværelse i enheden,88, 1,88,Vandskyllende toilet i enheden,3, 1,-
166," Århusgade 140, 5. tv 2150 Nordhavn ",4975000.0,2018-09-07, Handelstype Alm. frit salg,https://www.boliga.dk//salg/info/101/16546/71C6A741-07D8-4C9B-9830-94DD92ADF26C,https://www.boliga.dk//bbrinfo/71c6a741-07d8-4c9b-9830-94dd92adf26c,"(55.70763799, 12.59589417)","Århusgade 140, 1. th, 2150 Nordhavn",0101,Egentlig beboelseslejlighed,Eget køkken med afløb,"Bolig i etageejendom, flerfamiliehus eller to-familiehus",Badeværelse i enheden,88, 1,88,Vandskyllende toilet i enheden,3, 1,-
167," Århusgade 140, 5. tv 2150 Nordhavn ",3975000.0,2015-06-01, Handelstype Alm. frit salg,https://www.boliga.dk//salg/info/101/16546/71C6A741-07D8-4C9B-9830-94DD92ADF26C,https://www.boliga.dk//bbrinfo/71c6a741-07d8-4c9b-9830-94dd92adf26c,"(55.70763799, 12.59589417)","Århusgade 140, 1. th, 2150 Nordhavn",0101,Egentlig beboelseslejlighed,Eget køkken med afløb,"Bolig i etageejendom, flerfamiliehus eller to-familiehus",Badeværelse i enheden,88, 1,88,Vandskyllende toilet i enheden,3, 1,-
168," Århusgade 140, 5. tv 2150 Nordhavn ",3504051.0,2013-02-01, Handelstype Alm. frit salg,https://www.boliga.dk//salg/info/101/16546/71C6A741-07D8-4C9B-9830-94DD92ADF26C,https://www.boliga.dk//bbrinfo/71c6a741-07d8-4c9b-9830-94dd92adf26c,"(55.70763799, 12.59589417)","Århusgade 140, 1. th, 2150 Nordhavn",0101,Egentlig beboelseslejlighed,Eget køkken med afløb,"Bolig i etageejendom, flerfamiliehus eller to-familiehus",Badeværelse i enheden,88, 1,88,Vandskyllende toilet i enheden,3, 1,-
169," Århusgade 142, 5. th 2150 Nordhavn ",6900000.0,2021-06-02, Handelstype Alm. frit salg,https://www.boliga.dk//salg/info/101/15841/69D3AAE8-0D9E-4E93-8FD0-E11ACCAFB5FE,https://www.boliga.dk//bbrinfo/69d3aae8-0d9e-4e93-8fd0-e11accafb5fe,"(55.70766809, 12.59612213)","Århusgade 142, 1. mf, 2150 Nordhavn",0101,Egentlig beboelseslejlighed,Eget køkken med afløb,"Bolig i etageejendom, flerfamiliehus eller to-familiehus",Badeværelse i enheden,104, 1,104,Vandskyllende toilet i enheden,3, 1,-
170," Århusgade 142, 5. th 2150 Nordhavn ",3914095.0,2013-02-01, Handelstype Alm. frit salg,https://www.boliga.dk//salg/info/101/15841/69D3AAE8-0D9E-4E93-8FD0-E11ACCAFB5FE,https://www.boliga.dk//bbrinfo/69d3aae8-0d9e-4e93-8fd0-e11accafb5fe,"(55.70766809, 12.59612213)","Århusgade 142, 1. mf, 2150 Nordhavn",0101,Egentlig beboelseslejlighed,Eget køkken med afløb,"Bolig i etageejendom, flerfamiliehus eller to-familiehus",Badeværelse i enheden,104, 1,104,Vandskyllende toilet i enheden,3, 1,-
171," Trelleborggade 14, 1. th 2150 Nordhavn ",3600000.0,2021-05-02, Handelstype Alm. frit salg,https://www.boliga.dk//salg/info/101/21399/B7A6EE0A-4177-400C-A7A3-35EC29186CFD,https://www.boliga.dk//bbrinfo/b7a6ee0a-4177-400c-a7a3-35ec29186cfd,"(55.70661575, 12.59357322)","Trelleborggade 14, 5., 2150 Nordhavn",0101,Egentlig beboelseslejlighed,Eget køkken med afløb,"Bolig i etageejendom, flerfamiliehus eller to-familiehus",Badeværelse i enheden,58, 1,58,Vandskyllende toilet i enheden,2, 1,-
172," Trelleborggade 14, 1. th 2150 Nordhavn ",2275000.0,2015-03-09, Handelstype Alm. frit salg,https://www.boliga.dk//salg/info/101/21399/B7A6EE0A-4177-400C-A7A3-35EC29186CFD,https://www.boliga.dk//bbrinfo/b7a6ee0a-4177-400c-a7a3-35ec29186cfd,"(55.70661575, 12.59357322)","Trelleborggade 14, 5., 2150 Nordhavn",0101,Egentlig beboelseslejlighed,Eget køkken med afløb,"Bolig i etageejendom, flerfamiliehus eller to-familiehus",Badeværelse i enheden,58, 1,58,Vandskyllende toilet i enheden,2, 1,-
173," Sundkaj 93, 3. tv 2150 Nordhavn ",6375000.0,2021-01-02, Handelstype Alm. frit salg,https://www.boliga.dk//salg/info/101/34076/6538F1BF-8EB4-4769-8DC8-38DE0C411ED3,https://www.boliga.dk//bbrinfo/6538f1bf-8eb4-4769-8dc8-38de0c411ed3,"(55.7097779, 12.59860564)","Sundkaj 93, 1. th, 2150 Nordhavn",0101,Egentlig beboelseslejlighed,Eget køkken med afløb,"Bolig i etageejendom, flerfamiliehus eller to-familiehus",Badeværelse i enheden,100, 1,100,Vandskyllende toilet i enheden,3, 1,-
174," Sundkaj 93, 3. tv 2150 Nordhavn ",4995000.0,2018-04-02, Handelstype Alm. frit salg,https://www.boliga.dk//salg/info/101/34076/6538F1BF-8EB4-4769-8DC8-38DE0C411ED3,https://www.boliga.dk//bbrinfo/6538f1bf-8eb4-4769-8dc8-38de0c411ed3,"(55.7097779, 12.59860564)","Sundkaj 93, 1. th, 2150 Nordhavn",0101,Egentlig beboelseslejlighed,Eget køkken med afløb,"Bolig i etageejendom, flerfamiliehus eller to-familiehus",Badeværelse i enheden,100, 1,100,Vandskyllende toilet i enheden,3, 1,-
175," Fortkaj 20, 1. th 2150 Nordhavn ",6600000.0,2021-12-09, Handelstype Alm. frit salg,https://www.boliga.dk//salg/info/101/18708/B64BAE68-5BFC-4FAC-BD04-B84D4EE3743D,https://www.boliga.dk//bbrinfo/b64bae68-5bfc-4fac-bd04-b84d4ee3743d,"(55.70865592, 12.59648753)","Fortkaj 20, 1. th, 2150 Nordhavn",0101,Egentlig beboelseslejlighed,Eget køkken med afløb,"Bolig i etageejendom, flerfamiliehus eller to-familiehus",Badeværelse i enheden,102, 1,102,Vandskyllende toilet i enheden,4, 1,-
176," Fortkaj 20, 1. th 2150 Nordhavn ",4950000.0,2016-08-01, Handelstype Alm. frit salg,https://www.boliga.dk//salg/info/101/18708/B64BAE68-5BFC-4FAC-BD04-B84D4EE3743D,https://www.boliga.dk//bbrinfo/b64bae68-5bfc-4fac-bd04-b84d4ee3743d,"(55.70865592, 12.59648753)","Fortkaj 20, 1. th, 2150 Nordhavn",0101,Egentlig beboelseslejlighed,Eget køkken med afløb,"Bolig i etageejendom, flerfamiliehus eller to-familiehus",Badeværelse i enheden,102, 1,102,Vandskyllende toilet i enheden,4, 1,-
177," Fortkaj 20, 1. th 2150 Nordhavn ",4495000.0,2014-07-04, Handelstype Alm. frit salg,https://www.boliga.dk//salg/info/101/18708/B64BAE68-5BFC-4FAC-BD04-B84D4EE3743D,https://www.boliga.dk//bbrinfo/b64bae68-5bfc-4fac-bd04-b84d4ee3743d,"(55.70865592, 12.59648753)","Fortkaj 20, 1. th, 2150 Nordhavn",0101,Egentlig beboelseslejlighed,Eget køkken med afløb,"Bolig i etageejendom, flerfamiliehus eller to-familiehus",Badeværelse i enheden,102, 1,102,Vandskyllende toilet i enheden,4, 1,-
178," Murmanskgade 3, 1. mf 2150 Nordhavn ",8295000.0,2021-12-07, Handelstype Alm. frit salg,https://www.boliga.dk//salg/info/101/17565/BD2F6037-1F43-4FA6-B0B8-EF980FF5348D,https://www.boliga.dk//bbrinfo/bd2f6037-1f43-4fa6-b0b8-ef980ff5348d,"(55.70716738, 12.59860693)","Murmanskgade 3, 3. mf, 2150 Nordhavn",0101,Egentlig beboelseslejlighed,Eget køkken med afløb,"Bolig i etageejendom, flerfamiliehus eller to-familiehus",Badeværelse i enheden,139, 1,139,Vandskyllende toilet i enheden,3, 1,400 V el fra værk
179," Murmanskgade 3, 1. mf 2150 Nordhavn ",4995000.0,2013-10-09, Handelstype Alm. frit salg,https://www.boliga.dk//salg/info/101/17565/BD2F6037-1F43-4FA6-B0B8-EF980FF5348D,https://www.boliga.dk//bbrinfo/bd2f6037-1f43-4fa6-b0b8-ef980ff5348d,"(55.70716738, 12.59860693)","Murmanskgade 3, 3. mf, 2150 Nordhavn",0101,Egentlig beboelseslejlighed,Eget køkken med afløb,"Bolig i etageejendom, flerfamiliehus eller to-familiehus",Badeværelse i enheden,139, 1,139,Vandskyllende toilet i enheden,3, 1,400 V el fra værk
180," Sundkaj 71, 3. th 2150 Nordhavn ",9495000.0,2021-12-02, Handelstype Alm. frit salg,https://www.boliga.dk//salg/info/101/27109/FD7FF190-EFD7-4416-A122-374B8C943BF8,https://www.boliga.dk//bbrinfo/fd7ff190-efd7-4416-a122-374b8c943bf8,"(55.70985657, 12.59763541)","Sundkaj 71, 5., 2150 Nordhavn",0101,Egentlig beboelseslejlighed,Eget køkken med afløb,"Bolig i etageejendom, flerfamiliehus eller to-familiehus",Badeværelse i enheden,157, 2,157,Vandskyllende toilet i enheden,5, 2,400 V el fra værk
181," Sundkaj 71, 3. th 2150 Nordhavn ",8600000.0,2019-08-02, Handelstype Alm. frit salg,https://www.boliga.dk//salg/info/101/27109/FD7FF190-EFD7-4416-A122-374B8C943BF8,https://www.boliga.dk//bbrinfo/fd7ff190-efd7-4416-a122-374b8c943bf8,"(55.70985657, 12.59763541)","Sundkaj 71, 5., 2150 Nordhavn",0101,Egentlig beboelseslejlighed,Eget køkken med afløb,"Bolig i etageejendom, flerfamiliehus eller to-familiehus",Badeværelse i enheden,157, 2,157,Vandskyllende toilet i enheden,5, 2,400 V el fra værk
182," Sundkaj 71, 3. th 2150 Nordhavn ",8295000.0,2017-05-01, Handelstype Alm. frit salg,https://www.boliga.dk//salg/info/101/27109/FD7FF190-EFD7-4416-A122-374B8C943BF8,https://www.boliga.dk//bbrinfo/fd7ff190-efd7-4416-a122-374b8c943bf8,"(55.70985657, 12.59763541)","Sundkaj 71, 5., 2150 Nordhavn",0101,Egentlig beboelseslejlighed,Eget køkken med afløb,"Bolig i etageejendom, flerfamiliehus eller to-familiehus",Badeværelse i enheden,157, 2,157,Vandskyllende toilet i enheden,5, 2,400 V el fra værk
183," Helsinkigade 18, 5. 4 2150 Nordhavn ",7750000.0,2021-12-02, Handelstype Alm. frit salg,https://www.boliga.dk//salg/info/101/21582/54716200-A99E-4CEE-BF9D-D1499A16044F,https://www.boliga.dk//bbrinfo/54716200-a99e-4cee-bf9d-d1499a16044f,"(55.70798351, 12.59704886)","Helsinkigade 18, 2. 2, 2150 Nordhavn",0101,Egentlig beboelseslejlighed,Eget køkken med afløb,"Bolig i etageejendom, flerfamiliehus eller to-familiehus",Badeværelse i enheden,103, 1,103,Vandskyllende toilet i enheden,3, 1,-
184," Helsinkigade 18, 5. 4 2150 Nordhavn ",4774606.0,2014-04-01, Handelstype Alm. frit salg,https://www.boliga.dk//salg/info/101/21582/54716200-A99E-4CEE-BF9D-D1499A16044F,https://www.boliga.dk//bbrinfo/54716200-a99e-4cee-bf9d-d1499a16044f,"(55.70798351, 12.59704886)","Helsinkigade 18, 2. 2, 2150 Nordhavn",0101,Egentlig beboelseslejlighed,Eget køkken med afløb,"Bolig i etageejendom, flerfamiliehus eller to-familiehus",Badeværelse i enheden,103, 1,103,Vandskyllende toilet i enheden,3, 1,-
185," Fortkaj 20, 3. tv 2150 Nordhavn ",9000000.0,2021-03-02, Handelstype Alm. frit salg,https://www.boliga.dk//salg/info/101/18712/82EBBD94-4A9C-4A58-8994-E2E74F5F89F2,https://www.boliga.dk//bbrinfo/82ebbd94-4a9c-4a58-8994-e2e74f5f89f2,"(55.70865592, 12.59648753)","Fortkaj 20, 1. th, 2150 Nordhavn",0101,Egentlig beboelseslejlighed,Eget køkken med afløb,"Bolig i etageejendom, flerfamiliehus eller to-familiehus",Badeværelse i enheden,142, 2,142,Vandskyllende toilet i enheden,5, 2,-
186," Fortkaj 20, 3. tv 2150 Nordhavn ",6595000.0,2015-07-01, Handelstype Alm. frit salg,https://www.boliga.dk//salg/info/101/18712/82EBBD94-4A9C-4A58-8994-E2E74F5F89F2,https://www.boliga.dk//bbrinfo/82ebbd94-4a9c-4a58-8994-e2e74f5f89f2,"(55.70865592, 12.59648753)","Fortkaj 20, 1. th, 2150 Nordhavn",0101,Egentlig beboelseslejlighed,Eget køkken med afløb,"Bolig i etageejendom, flerfamiliehus eller to-familiehus",Badeværelse i enheden,142, 2,142,Vandskyllende toilet i enheden,5, 2,-
187, Sundkaj 15 2150 Nordhavn ,9500000.0,2021-08-01, Handelstype Alm. frit salg,https://www.boliga.dk//salg/info/101/33621/42925A18-3313-46EF-B2F0-DBE2532DB3CA,https://www.boliga.dk//bbrinfo/42925a18-3313-46ef-b2f0-dbe2532db3ca,"(55.71067475, 12.59533833)","Sundkaj 15, 2150 Nordhavn",0101,Egentlig beboelseslejlighed,Eget køkken med afløb,"Række-, kæde- og klyngehus",Badeværelse i enheden,146, 2,146,Vandskyllende toilet i enheden,5, 3,-
188," Sankt Petersborg Plads 4, 1. tv 2150 Nordhavn ",6450000.0,2021-07-01, Handelstype Alm. frit salg,https://www.boliga.dk//salg/info/101/17552/E98D9A00-A637-408C-92E4-2CC860BB1FB1,https://www.boliga.dk//bbrinfo/e98d9a00-a637-408c-92e4-2cc860bb1fb1,"(55.70721925, 12.59831326)","Sankt Petersborg Plads 4, 2150 Nordhavn",0101,Egentlig beboelseslejlighed,Eget køkken med afløb,"Bolig i etageejendom, flerfamiliehus eller to-familiehus",Badeværelse i enheden,108, 1,108,Vandskyllende toilet i enheden,4, 1,400 V el fra værk
189," Sankt Petersborg Plads 4, 1. tv 2150 Nordhavn ",3700000.0,2013-11-07, Handelstype Alm. frit salg,https://www.boliga.dk//salg/info/101/17552/E98D9A00-A637-408C-92E4-2CC860BB1FB1,https://www.boliga.dk//bbrinfo/e98d9a00-a637-408c-92e4-2cc860bb1fb1,"(55.70721925, 12.59831326)","Sankt Petersborg Plads 4, 2150 Nordhavn",0101,Egentlig beboelseslejlighed,Eget køkken med afløb,"Bolig i etageejendom, flerfamiliehus eller to-familiehus",Badeværelse i enheden,108, 1,108,Vandskyllende toilet i enheden,4, 1,400 V el fra værk
190," Murmanskgade 3, 5. th 2150 Nordhavn ",6150000.0,2021-04-01, Handelstype Alm. frit salg,https://www.boliga.dk//salg/info/101/17579/24A12444-9B2F-4F37-878C-A59F5366348C,https://www.boliga.dk//bbrinfo/24a12444-9b2f-4f37-878c-a59f5366348c,"(55.70716738, 12.59860693)","Murmanskgade 3, 3. mf, 2150 Nordhavn",0101,Egentlig beboelseslejlighed,Eget køkken med afløb,"Bolig i etageejendom, flerfamiliehus eller to-familiehus",Badeværelse i enheden,100, 1,100,Vandskyllende toilet i enheden,2, 1,400 V el fra værk
191," Murmanskgade 3, 5. th 2150 Nordhavn ",2469712.0,2021-08-01, Handelstype Alm. frit salg,https://www.boliga.dk//salg/info/101/17579/24A12444-9B2F-4F37-878C-A59F5366348C,https://www.boliga.dk//bbrinfo/24a12444-9b2f-4f37-878c-a59f5366348c,"(55.70716738, 12.59860693)","Murmanskgade 3, 3. mf, 2150 Nordhavn",0101,Egentlig beboelseslejlighed,Eget køkken med afløb,"Bolig i etageejendom, flerfamiliehus eller to-familiehus",Badeværelse i enheden,100, 1,100,Vandskyllende toilet i enheden,2, 1,400 V el fra værk
192," Murmanskgade 3, 5. th 2150 Nordhavn ",7850000.0,2019-04-04, Handelstype Alm. frit salg,https://www.boliga.dk//salg/info/101/17579/24A12444-9B2F-4F37-878C-A59F5366348C,https://www.boliga.dk//bbrinfo/24a12444-9b2f-4f37-878c-a59f5366348c,"(55.70716738, 12.59860693)","Murmanskgade 3, 3. mf, 2150 Nordhavn",0101,Egentlig beboelseslejlighed,Eget køkken med afløb,"Bolig i etageejendom, flerfamiliehus eller to-familiehus",Badeværelse i enheden,100, 1,100,Vandskyllende toilet i enheden,2, 1,400 V el fra værk
193," Murmanskgade 3, 5. th 2150 Nordhavn ",7495000.0,2015-05-01, Handelstype Alm. frit salg,https://www.boliga.dk//salg/info/101/17579/24A12444-9B2F-4F37-878C-A59F5366348C,https://www.boliga.dk//bbrinfo/24a12444-9b2f-4f37-878c-a59f5366348c,"(55.70716738, 12.59860693)","Murmanskgade 3, 3. mf, 2150 Nordhavn",0101,Egentlig beboelseslejlighed,Eget køkken med afløb,"Bolig i etageejendom, flerfamiliehus eller to-familiehus",Badeværelse i enheden,100, 1,100,Vandskyllende toilet i enheden,2, 1,400 V el fra værk
194," Fortkaj 30, 6. tv 2150 Nordhavn ",10100000.0,2021-11-08, Handelstype Alm. frit salg,https://www.boliga.dk//salg/info/101/23282/0AEC974A-08AF-45F2-8597-F2A14C09257D,https://www.boliga.dk//bbrinfo/0aec974a-08af-45f2-8597-f2a14c09257d,"(55.70839574, 12.59807131)","Fortkaj 30, 2150 Nordhavn",0101,Egentlig beboelseslejlighed,Eget køkken med afløb,"Bolig i etageejendom, flerfamiliehus eller to-familiehus",Badeværelse i enheden,151, 1,151,Vandskyllende toilet i enheden,5, 1,400 V el fra værk
195," Fortkaj 30, 6. tv 2150 Nordhavn ",7634656.0,2017-09-02, Handelstype Alm. frit salg,https://www.boliga.dk//salg/info/101/23282/0AEC974A-08AF-45F2-8597-F2A14C09257D,https://www.boliga.dk//bbrinfo/0aec974a-08af-45f2-8597-f2a14c09257d,"(55.70839574, 12.59807131)","Fortkaj 30, 2150 Nordhavn",0101,Egentlig beboelseslejlighed,Eget køkken med afløb,"Bolig i etageejendom, flerfamiliehus eller to-familiehus",Badeværelse i enheden,151, 1,151,Vandskyllende toilet i enheden,5, 1,400 V el fra værk
196," Trelleborggade 2, st. mf 2150 Nordhavn ",5795000.0,2021-11-08, Handelstype Alm. frit salg,https://www.boliga.dk//salg/info/101/18796/9221A150-E28F-444E-886F-C92B6CB450DA,https://www.boliga.dk//bbrinfo/9221a150-e28f-444e-886f-c92b6cb450da,"(55.70624485, 12.59183821)","Trelleborggade 2, 2. mf, 2150 Nordhavn",0101,Egentlig beboelseslejlighed,Eget køkken med afløb,"Bolig i etageejendom, flerfamiliehus eller to-familiehus",Badeværelse i enheden,105, 1,105,Vandskyllende toilet i enheden,3, 1,-
197," Trelleborggade 2, st. mf 2150 Nordhavn ",4295000.0,2016-01-02, Handelstype Alm. frit salg,https://www.boliga.dk//salg/info/101/18796/9221A150-E28F-444E-886F-C92B6CB450DA,https://www.boliga.dk//bbrinfo/9221a150-e28f-444e-886f-c92b6cb450da,"(55.70624485, 12.59183821)","Trelleborggade 2, 2. mf, 2150 Nordhavn",0101,Egentlig beboelseslejlighed,Eget køkken med afløb,"Bolig i etageejendom, flerfamiliehus eller to-familiehus",Badeværelse i enheden,105, 1,105,Vandskyllende toilet i enheden,3, 1,-
198," Sundkaj 79, 3. th 2150 Nordhavn ",6495000.0,2021-08-02, Handelstype Alm. frit salg,https://www.boliga.dk//salg/info/101/34133/A6193642-B56E-4E78-9F84-F0F774D14283,https://www.boliga.dk//bbrinfo/a6193642-b56e-4e78-9f84-f0f774d14283,"(55.70991297, 12.59805412)","Sundkaj 79, 1. th, 2150 Nordhavn",0101,Egentlig beboelseslejlighed,Eget køkken med afløb,"Bolig i etageejendom, flerfamiliehus eller to-familiehus",Badeværelse i enheden,97, 1,97,Vandskyllende toilet i enheden,4, 1,-
199," Sundkaj 79, 3. th 2150 Nordhavn ",4995000.0,2017-01-01, Handelstype Alm. frit salg,https://www.boliga.dk//salg/info/101/34133/A6193642-B56E-4E78-9F84-F0F774D14283,https://www.boliga.dk//bbrinfo/a6193642-b56e-4e78-9f84-f0f774d14283,"(55.70991297, 12.59805412)","Sundkaj 79, 1. th, 2150 Nordhavn",0101,Egentlig beboelseslejlighed,Eget køkken med afløb,"Bolig i etageejendom, flerfamiliehus eller to-familiehus",Badeværelse i enheden,97, 1,97,Vandskyllende toilet i enheden,4, 1,-
200, Rostockgade 8 2150 Nordhavn ,24500000.0,2021-08-02, Handelstype Alm. frit salg,https://www.boliga.dk//salg/info/101/15219/5CE60ACE-E3D6-4F06-BC36-971CA69D8E48,https://www.boliga.dk//bbrinfo/5ce60ace-e3d6-4f06-bc36-971ca69d8e48,"(55.70791901, 12.5939728)","Rostockgade 8, 2150 Nordhavn",0101,Egentlig beboelseslejlighed,Eget køkken med afløb,"Række-, kæde- eller dobbelthus (lodret adskillelse mellem enhederne).",Badeværelse i enheden,211, 2,211,Vandskyllende toilet i enheden,6, 2,-
201," Sundkaj 1, 2. th 2150 Nordhavn ",6260000.0,2021-04-02, Handelstype Alm. frit salg,https://www.boliga.dk//salg/info/101/33561/24F9C650-4CA0-436B-8CF5-84467EFE0471,https://www.boliga.dk//bbrinfo/24f9c650-4ca0-436b-8cf5-84467efe0471,"(55.71043548, 12.59549773)","Sundkaj 1, 2150 Nordhavn",0101,Egentlig beboelseslejlighed,Eget køkken med afløb,"Bolig i etageejendom, flerfamiliehus eller to-familiehus",Badeværelse i enheden,92, 1,92,Vandskyllende toilet i enheden,3, 2,-
202," Sundkaj 1, 2. th 2150 Nordhavn ",4529785.0,2019-01-03, Handelstype Alm. frit salg,https://www.boliga.dk//salg/info/101/33561/24F9C650-4CA0-436B-8CF5-84467EFE0471,https://www.boliga.dk//bbrinfo/24f9c650-4ca0-436b-8cf5-84467efe0471,"(55.71043548, 12.59549773)","Sundkaj 1, 2150 Nordhavn",0101,Egentlig beboelseslejlighed,Eget køkken med afløb,"Bolig i etageejendom, flerfamiliehus eller to-familiehus",Badeværelse i enheden,92, 1,92,Vandskyllende toilet i enheden,3, 2,-
203," Sundkaj 79, 1. th 2150 Nordhavn ",5710000.0,2021-02-02, Handelstype Alm. frit salg,https://www.boliga.dk//salg/info/101/34129/51D6318B-4234-40D9-8C8F-FB4C6787D204,https://www.boliga.dk//bbrinfo/51d6318b-4234-40d9-8c8f-fb4c6787d204,"(55.70991297, 12.59805412)","Sundkaj 79, 1. th, 2150 Nordhavn",0101,Egentlig beboelseslejlighed,Eget køkken med afløb,"Bolig i etageejendom, flerfamiliehus eller to-familiehus",Badeværelse i enheden,97, 1,97,Vandskyllende toilet i enheden,4, 1,-
204," Sundkaj 79, 1. th 2150 Nordhavn ",4795000.0,2018-06-01, Handelstype Alm. frit salg,https://www.boliga.dk//salg/info/101/34129/51D6318B-4234-40D9-8C8F-FB4C6787D204,https://www.boliga.dk//bbrinfo/51d6318b-4234-40d9-8c8f-fb4c6787d204,"(55.70991297, 12.59805412)","Sundkaj 79, 1. th, 2150 Nordhavn",0101,Egentlig beboelseslejlighed,Eget køkken med afløb,"Bolig i etageejendom, flerfamiliehus eller to-familiehus",Badeværelse i enheden,97, 1,97,Vandskyllende toilet i enheden,4, 1,-
205," Göteborg Plads 4, 1. mf 2150 Nordhavn ",11400000.0,2021-01-02, Handelstype Alm. frit salg,https://www.boliga.dk//salg/info/101/17610/67362428-5572-4849-804B-A9C7AE81D8B7,https://www.boliga.dk//bbrinfo/67362428-5572-4849-804b-a9c7ae81d8b7,"(55.70683921, 12.59778127)","Göteborg Plads 4, 4. mf, 2150 Nordhavn",0101,Egentlig beboelseslejlighed,Eget køkken med afløb,"Bolig i etageejendom, flerfamiliehus eller to-familiehus",Badeværelse i enheden,156, 2,156,Vandskyllende toilet i enheden,4, 2,400 V el fra værk
206," Göteborg Plads 4, 1. mf 2150 Nordhavn ",7000000.0,2015-03-02, Handelstype Alm. frit salg,https://www.boliga.dk//salg/info/101/17610/67362428-5572-4849-804B-A9C7AE81D8B7,https://www.boliga.dk//bbrinfo/67362428-5572-4849-804b-a9c7ae81d8b7,"(55.70683921, 12.59778127)","Göteborg Plads 4, 4. mf, 2150 Nordhavn",0101,Egentlig beboelseslejlighed,Eget køkken med afløb,"Bolig i etageejendom, flerfamiliehus eller to-familiehus",Badeværelse i enheden,156, 2,156,Vandskyllende toilet i enheden,4, 2,400 V el fra værk
207," Trelleborggade 2, st. th 2150 Nordhavn ",3495000.0,2021-09-01, Handelstype Alm. frit salg,https://www.boliga.dk//salg/info/101/18795/0F1F7187-EB48-437C-8E29-8DD9D29EBDBD,https://www.boliga.dk//bbrinfo/0f1f7187-eb48-437c-8e29-8dd9d29ebdbd,"(55.70624485, 12.59183821)","Trelleborggade 2, 2. mf, 2150 Nordhavn",0101,Egentlig beboelseslejlighed,Eget køkken med afløb,"Bolig i etageejendom, flerfamiliehus eller to-familiehus",Badeværelse i enheden,69, 1,69,Vandskyllende toilet i enheden,2, 1,-
208," Trelleborggade 2, st. th 2150 Nordhavn ",2795000.0,2015-01-01, Handelstype Alm. frit salg,https://www.boliga.dk//salg/info/101/18795/0F1F7187-EB48-437C-8E29-8DD9D29EBDBD,https://www.boliga.dk//bbrinfo/0f1f7187-eb48-437c-8e29-8dd9d29ebdbd,"(55.70624485, 12.59183821)","Trelleborggade 2, 2. mf, 2150 Nordhavn",0101,Egentlig beboelseslejlighed,Eget køkken med afløb,"Bolig i etageejendom, flerfamiliehus eller to-familiehus",Badeværelse i enheden,69, 1,69,Vandskyllende toilet i enheden,2, 1,-
209," Antwerpengade 13, 1. 1 2150 Nordhavn ",4460000.0,2021-07-01, Handelstype Alm. frit salg,https://www.boliga.dk//salg/info/101/16530/4C3AD19F-F999-4880-8375-C6600F4A11E5,https://www.boliga.dk//bbrinfo/4c3ad19f-f999-4880-8375-c6600f4a11e5,"(55.70731023, 12.5960295)","Antwerpengade 13, 1. 1, 2150 Nordhavn",0101,Egentlig beboelseslejlighed,Eget køkken med afløb,"Bolig i etageejendom, flerfamiliehus eller to-familiehus",Badeværelse i enheden,74, 1,74,Vandskyllende toilet i enheden,2, 1,-
210," Antwerpengade 13, 1. 1 2150 Nordhavn ",3750000.0,2020-10-05, Handelstype Alm. frit salg,https://www.boliga.dk//salg/info/101/16530/4C3AD19F-F999-4880-8375-C6600F4A11E5,https://www.boliga.dk//bbrinfo/4c3ad19f-f999-4880-8375-c6600f4a11e5,"(55.70731023, 12.5960295)","Antwerpengade 13, 1. 1, 2150 Nordhavn",0101,Egentlig beboelseslejlighed,Eget køkken med afløb,"Bolig i etageejendom, flerfamiliehus eller to-familiehus",Badeværelse i enheden,74, 1,74,Vandskyllende toilet i enheden,2, 1,-
211," Antwerpengade 13, 1. 1 2150 Nordhavn ",2691935.0,2014-09-08, Handelstype Alm. frit salg,https://www.boliga.dk//salg/info/101/16530/4C3AD19F-F999-4880-8375-C6600F4A11E5,https://www.boliga.dk//bbrinfo/4c3ad19f-f999-4880-8375-c6600f4a11e5,"(55.70731023, 12.5960295)","Antwerpengade 13, 1. 1, 2150 Nordhavn",0101,Egentlig beboelseslejlighed,Eget køkken med afløb,"Bolig i etageejendom, flerfamiliehus eller to-familiehus",Badeværelse i enheden,74, 1,74,Vandskyllende toilet i enheden,2, 1,-
212," Århusgade 142, 1. th 2150 Nordhavn ",5800000.0,2021-03-01, Handelstype Alm. frit salg,https://www.boliga.dk//salg/info/101/15836/4CAA7C3A-C1C4-4E08-A231-369CEDCCBBEC,https://www.boliga.dk//bbrinfo/4caa7c3a-c1c4-4e08-a231-369cedccbbec,"(55.70766809, 12.59612213)","Århusgade 142, 1. mf, 2150 Nordhavn",0101,Egentlig beboelseslejlighed,Eget køkken med afløb,"Bolig i etageejendom, flerfamiliehus eller to-familiehus",Badeværelse i enheden,104, 1,104,Vandskyllende toilet i enheden,3, 1,-
213," Århusgade 142, 1. th 2150 Nordhavn ",3695000.0,2014-07-01, Handelstype Alm. frit salg,https://www.boliga.dk//salg/info/101/15836/4CAA7C3A-C1C4-4E08-A231-369CEDCCBBEC,https://www.boliga.dk//bbrinfo/4caa7c3a-c1c4-4e08-a231-369cedccbbec,"(55.70766809, 12.59612213)","Århusgade 142, 1. mf, 2150 Nordhavn",0101,Egentlig beboelseslejlighed,Eget køkken med afløb,"Bolig i etageejendom, flerfamiliehus eller to-familiehus",Badeværelse i enheden,104, 1,104,Vandskyllende toilet i enheden,3, 1,-
214, Helsinkigade 6D 2150 Nordhavn ,11060000.0,2021-03-01, Handelstype Alm. frit salg,https://www.boliga.dk//salg/info/101/17879/7E2B3748-3E28-47AE-BD95-70FEBC9411DC,https://www.boliga.dk//bbrinfo/7e2b3748-3e28-47ae-bd95-70febc9411dc,"(55.70841247, 12.59453175)","Helsinkigade 6D, 2150 Nordhavn",0101,Egentlig beboelseslejlighed,Eget køkken med afløb,"Række-, kæde- og klyngehus",Badeværelse i enheden,152, 2,152,Vandskyllende toilet i enheden,5, 2,-
215, Helsinkigade 6D 2150 Nordhavn ,6547529.0,2014-09-10, Handelstype Alm. frit salg,https://www.boliga.dk//salg/info/101/17879/7E2B3748-3E28-47AE-BD95-70FEBC9411DC,https://www.boliga.dk//bbrinfo/7e2b3748-3e28-47ae-bd95-70febc9411dc,"(55.70841247, 12.59453175)","Helsinkigade 6D, 2150 Nordhavn",0101,Egentlig beboelseslejlighed,Eget køkken med afløb,"Række-, kæde- og klyngehus",Badeværelse i enheden,152, 2,152,Vandskyllende toilet i enheden,5, 2,-
216," Sundkaj 69, 3. th 2150 Nordhavn ",6795000.0,2021-10-05, Handelstype Alm. frit salg,https://www.boliga.dk//salg/info/101/27122/A917F330-391E-468C-B102-F3D78EAD1AF5,https://www.boliga.dk//bbrinfo/a917f330-391e-468c-b102-f3d78ead1af5,"(55.70987215, 12.59726353)","Sundkaj 69, 1. th, 2150 Nordhavn",0101,Egentlig beboelseslejlighed,Eget køkken med afløb,"Bolig i etageejendom, flerfamiliehus eller to-familiehus",Badeværelse i enheden,106, 2,106,Vandskyllende toilet i enheden,3, 2,400 V el fra værk
217," Sundkaj 69, 3. th 2150 Nordhavn ",5475000.0,2020-06-02, Handelstype Alm. frit salg,https://www.boliga.dk//salg/info/101/27122/A917F330-391E-468C-B102-F3D78EAD1AF5,https://www.boliga.dk//bbrinfo/a917f330-391e-468c-b102-f3d78ead1af5,"(55.70987215, 12.59726353)","Sundkaj 69, 1. th, 2150 Nordhavn",0101,Egentlig beboelseslejlighed,Eget køkken med afløb,"Bolig i etageejendom, flerfamiliehus eller to-familiehus",Badeværelse i enheden,106, 2,106,Vandskyllende toilet i enheden,3, 2,400 V el fra værk
218," Sundkaj 69, 3. th 2150 Nordhavn ",5681501.0,2016-06-02, Handelstype Alm. frit salg,https://www.boliga.dk//salg/info/101/27122/A917F330-391E-468C-B102-F3D78EAD1AF5,https://www.boliga.dk//bbrinfo/a917f330-391e-468c-b102-f3d78ead1af5,"(55.70987215, 12.59726353)","Sundkaj 69, 1. th, 2150 Nordhavn",0101,Egentlig beboelseslejlighed,Eget køkken med afløb,"Bolig i etageejendom, flerfamiliehus eller to-familiehus",Badeværelse i enheden,106, 2,106,Vandskyllende toilet i enheden,3, 2,400 V el fra værk
219," Sundkaj 79, 4. tv 2150 Nordhavn ",9425000.0,2021-10-05, Handelstype Alm. frit salg,https://www.boliga.dk//salg/info/101/34134/673E5943-22DB-4ED8-B344-DB9F0388819B,https://www.boliga.dk//bbrinfo/673e5943-22db-4ed8-b344-db9f0388819b,"(55.70991297, 12.59805412)","Sundkaj 79, 1. th, 2150 Nordhavn",0101,Egentlig beboelseslejlighed,Eget køkken med afløb,"Bolig i etageejendom, flerfamiliehus eller to-familiehus",Badeværelse i enheden,138, 1,138,Vandskyllende toilet i enheden,4, 1,-
220," Sundkaj 79, 4. tv 2150 Nordhavn ",6000000.0,2019-06-04, Handelstype Alm. frit salg,https://www.boliga.dk//salg/info/101/34134/673E5943-22DB-4ED8-B344-DB9F0388819B,https://www.boliga.dk//bbrinfo/673e5943-22db-4ed8-b344-db9f0388819b,"(55.70991297, 12.59805412)","Sundkaj 79, 1. th, 2150 Nordhavn",0101,Egentlig beboelseslejlighed,Eget køkken med afløb,"Bolig i etageejendom, flerfamiliehus eller to-familiehus",Badeværelse i enheden,138, 1,138,Vandskyllende toilet i enheden,4, 1,-
221, Helsinkigade 6C 2150 Nordhavn ,10250000.0,2021-10-04, Handelstype Alm. frit salg,https://www.boliga.dk//salg/info/101/17878/7CEE2FFA-5F81-46CA-8745-EEAB519CBFA8,https://www.boliga.dk//bbrinfo/7cee2ffa-5f81-46ca-8745-eeab519cbfa8,"(55.70843449, 12.5943664)","Helsinkigade 6C, 2150 Nordhavn",0101,Egentlig beboelseslejlighed,Eget køkken med afløb,"Række-, kæde- og klyngehus",Badeværelse i enheden,139, 1,139,Vandskyllende toilet i enheden,5, 2,-
222, Helsinkigade 6C 2150 Nordhavn ,5826524.0,2014-08-01, Handelstype Alm. frit salg,https://www.boliga.dk//salg/info/101/17878/7CEE2FFA-5F81-46CA-8745-EEAB519CBFA8,https://www.boliga.dk//bbrinfo/7cee2ffa-5f81-46ca-8745-eeab519cbfa8,"(55.70843449, 12.5943664)","Helsinkigade 6C, 2150 Nordhavn",0101,Egentlig beboelseslejlighed,Eget køkken med afløb,"Række-, kæde- og klyngehus",Badeværelse i enheden,139, 1,139,Vandskyllende toilet i enheden,5, 2,-
223," Göteborg Plads 12, 1. mf 2150 Nordhavn ",7050000.0,2021-10-03, Handelstype Alm. frit salg,https://www.boliga.dk//salg/info/101/17634/E97E77B1-0933-4C3A-B357-EE8DD60CA76C,https://www.boliga.dk//bbrinfo/e97e77b1-0933-4c3a-b357-ee8dd60ca76c,"(55.70708275, 12.59770637)","Göteborg Plads 12, 1. mf, 2150 Nordhavn",0101,Egentlig beboelseslejlighed,Eget køkken med afløb,"Bolig i etageejendom, flerfamiliehus eller to-familiehus",Badeværelse i enheden,129, 1,129,Vandskyllende toilet i enheden,4, 1,400 V el fra værk
224," Göteborg Plads 12, 1. mf 2150 Nordhavn ",5657500.0,2019-05-01, Handelstype Alm. frit salg,https://www.boliga.dk//salg/info/101/17634/E97E77B1-0933-4C3A-B357-EE8DD60CA76C,https://www.boliga.dk//bbrinfo/e97e77b1-0933-4c3a-b357-ee8dd60ca76c,"(55.70708275, 12.59770637)","Göteborg Plads 12, 1. mf, 2150 Nordhavn",0101,Egentlig beboelseslejlighed,Eget køkken med afløb,"Bolig i etageejendom, flerfamiliehus eller to-familiehus",Badeværelse i enheden,129, 1,129,Vandskyllende toilet i enheden,4, 1,400 V el fra værk
225," Göteborg Plads 12, 1. mf 2150 Nordhavn ",4495000.0,2015-08-01, Handelstype Alm. frit salg,https://www.boliga.dk//salg/info/101/17634/E97E77B1-0933-4C3A-B357-EE8DD60CA76C,https://www.boliga.dk//bbrinfo/e97e77b1-0933-4c3a-b357-ee8dd60ca76c,"(55.70708275, 12.59770637)","Göteborg Plads 12, 1. mf, 2150 Nordhavn",0101,Egentlig beboelseslejlighed,Eget køkken med afløb,"Bolig i etageejendom, flerfamiliehus eller to-familiehus",Badeværelse i enheden,129, 1,129,Vandskyllende toilet i enheden,4, 1,400 V el fra værk
226," Århusgade 142, 5. tv 2150 Nordhavn ",9400000.0,2021-04-02, Handelstype Alm. frit salg,https://www.boliga.dk//salg/info/101/15835/72A23449-C271-4ABA-A323-39CF34E14FE4,https://www.boliga.dk//bbrinfo/72a23449-c271-4aba-a323-39cf34e14fe4,"(55.70766809, 12.59612213)","Århusgade 142, 1. mf, 2150 Nordhavn",0101,Egentlig beboelseslejlighed,Eget køkken med afløb,"Bolig i etageejendom, flerfamiliehus eller to-familiehus",Badeværelse i enheden,129, 1,129,Vandskyllende toilet i enheden,3, 1,-
227," Århusgade 142, 5. tv 2150 Nordhavn ",7295000.0,2017-05-02, Handelstype Alm. frit salg,https://www.boliga.dk//salg/info/101/15835/72A23449-C271-4ABA-A323-39CF34E14FE4,https://www.boliga.dk//bbrinfo/72a23449-c271-4aba-a323-39cf34e14fe4,"(55.70766809, 12.59612213)","Århusgade 142, 1. mf, 2150 Nordhavn",0101,Egentlig beboelseslejlighed,Eget køkken med afløb,"Bolig i etageejendom, flerfamiliehus eller to-familiehus",Badeværelse i enheden,129, 1,129,Vandskyllende toilet i enheden,3, 1,-
228," Århusgade 142, 5. tv 2150 Nordhavn ",5737439.0,2013-06-01, Handelstype Alm. frit salg,https://www.boliga.dk//salg/info/101/15835/72A23449-C271-4ABA-A323-39CF34E14FE4,https://www.boliga.dk//bbrinfo/72a23449-c271-4aba-a323-39cf34e14fe4,"(55.70766809, 12.59612213)","Århusgade 142, 1. mf, 2150 Nordhavn",0101,Egentlig beboelseslejlighed,Eget køkken med afløb,"Bolig i etageejendom, flerfamiliehus eller to-familiehus",Badeværelse i enheden,129, 1,129,Vandskyllende toilet i enheden,3, 1,-
229," Dover Passage 2, 1. tv 2150 Nordhavn ",6150000.0,2021-09-01, Handelstype Alm. frit salg,https://www.boliga.dk//salg/info/101/18736/D8E0A247-A1AC-46DA-A436-91E47C9FF9B1,https://www.boliga.dk//bbrinfo/d8e0a247-a1ac-46da-a436-91e47c9ff9b1,"(55.70849348, 12.59608751)","Dover Passage 2, 2. th, 2150 Nordhavn",0101,Egentlig beboelseslejlighed,Eget køkken med afløb,"Bolig i etageejendom, flerfamiliehus eller to-familiehus",Badeværelse i enheden,109, 1,109,Vandskyllende toilet i enheden,4, 1,-
230," Dover Passage 2, 1. tv 2150 Nordhavn ",4600000.0,2016-02-02, Handelstype Alm. frit salg,https://www.boliga.dk//salg/info/101/18736/D8E0A247-A1AC-46DA-A436-91E47C9FF9B1,https://www.boliga.dk//bbrinfo/d8e0a247-a1ac-46da-a436-91e47c9ff9b1,"(55.70849348, 12.59608751)","Dover Passage 2, 2. th, 2150 Nordhavn",0101,Egentlig beboelseslejlighed,Eget køkken med afløb,"Bolig i etageejendom, flerfamiliehus eller to-familiehus",Badeværelse i enheden,109, 1,109,Vandskyllende toilet i enheden,4, 1,-
231," Dover Passage 2, 1. tv 2150 Nordhavn ",3495000.0,2014-06-10, Handelstype Alm. frit salg,https://www.boliga.dk//salg/info/101/18736/D8E0A247-A1AC-46DA-A436-91E47C9FF9B1,https://www.boliga.dk//bbrinfo/d8e0a247-a1ac-46da-a436-91e47c9ff9b1,"(55.70849348, 12.59608751)","Dover Passage 2, 2. th, 2150 Nordhavn",0101,Egentlig beboelseslejlighed,Eget køkken med afløb,"Bolig i etageejendom, flerfamiliehus eller to-familiehus",Badeværelse i enheden,109, 1,109,Vandskyllende toilet i enheden,4, 1,-
232," Sundkaj 87, 3. tv 2150 Nordhavn ",6400000.0,2021-03-01, Handelstype Alm. frit salg,https://www.boliga.dk//salg/info/101/34120/D8197B86-F64D-4FD8-A650-7F6090B782C1,https://www.boliga.dk//bbrinfo/d8197b86-f64d-4fd8-a650-7f6090b782c1,"(55.7097076, 12.59801986)","Sundkaj 87, 1. th, 2150 Nordhavn",0101,Egentlig beboelseslejlighed,Eget køkken med afløb,"Bolig i etageejendom, flerfamiliehus eller to-familiehus",Badeværelse i enheden,96, 1,96,Vandskyllende toilet i enheden,4, 1,-
233," Sundkaj 87, 3. tv 2150 Nordhavn ",5080000.0,2017-07-01, Handelstype Alm. frit salg,https://www.boliga.dk//salg/info/101/34120/D8197B86-F64D-4FD8-A650-7F6090B782C1,https://www.boliga.dk//bbrinfo/d8197b86-f64d-4fd8-a650-7f6090b782c1,"(55.7097076, 12.59801986)","Sundkaj 87, 1. th, 2150 Nordhavn",0101,Egentlig beboelseslejlighed,Eget køkken med afløb,"Bolig i etageejendom, flerfamiliehus eller to-familiehus",Badeværelse i enheden,96, 1,96,Vandskyllende toilet i enheden,4, 1,-
234," Sundkaj 73, 4. th 2150 Nordhavn ",4495000.0,2021-06-02, Handelstype Alm. frit salg,https://www.boliga.dk//salg/info/101/27100/1B9DC76B-895E-4B4D-B8A8-61F6F262B11D,https://www.boliga.dk//bbrinfo/1b9dc76b-895e-4b4d-b8a8-61f6f262b11d,"(55.7099848, 12.59770868)","Sundkaj 73, 1. th, 2150 Nordhavn",0101,Egentlig beboelseslejlighed,Eget køkken med afløb,"Bolig i etageejendom, flerfamiliehus eller to-familiehus",Badeværelse i enheden,68, 1,68,Vandskyllende toilet i enheden,2, 1,400 V el fra værk
235," Sundkaj 73, 4. th 2150 Nordhavn ",3418833.0,2017-03-30, Handelstype Alm. frit salg,https://www.boliga.dk//salg/info/101/27100/1B9DC76B-895E-4B4D-B8A8-61F6F262B11D,https://www.boliga.dk//bbrinfo/1b9dc76b-895e-4b4d-b8a8-61f6f262b11d,"(55.7099848, 12.59770868)","Sundkaj 73, 1. th, 2150 Nordhavn",0101,Egentlig beboelseslejlighed,Eget køkken med afløb,"Bolig i etageejendom, flerfamiliehus eller to-familiehus",Badeværelse i enheden,68, 1,68,Vandskyllende toilet i enheden,2, 1,400 V el fra værk
236," Murmanskgade 3, 3. tv 2150 Nordhavn ",6795000.0,2021-04-02, Handelstype Alm. frit salg,https://www.boliga.dk//salg/info/101/17571/6F724D0C-A0F0-4ADD-B441-7228E619AB90,https://www.boliga.dk//bbrinfo/6f724d0c-a0f0-4add-b441-7228e619ab90,"(55.70716738, 12.59860693)","Murmanskgade 3, 3. mf, 2150 Nordhavn",0101,Egentlig beboelseslejlighed,Eget køkken med afløb,"Bolig i etageejendom, flerfamiliehus eller to-familiehus",Badeværelse i enheden,117, 1,117,Vandskyllende toilet i enheden,3, 1,400 V el fra værk
237," Murmanskgade 3, 3. tv 2150 Nordhavn ",5775000.0,2018-04-06, Handelstype Alm. frit salg,https://www.boliga.dk//salg/info/101/17571/6F724D0C-A0F0-4ADD-B441-7228E619AB90,https://www.boliga.dk//bbrinfo/6f724d0c-a0f0-4add-b441-7228e619ab90,"(55.70716738, 12.59860693)","Murmanskgade 3, 3. mf, 2150 Nordhavn",0101,Egentlig beboelseslejlighed,Eget køkken med afløb,"Bolig i etageejendom, flerfamiliehus eller to-familiehus",Badeværelse i enheden,117, 1,117,Vandskyllende toilet i enheden,3, 1,400 V el fra værk
238," Murmanskgade 3, 3. tv 2150 Nordhavn ",3295000.0,2013-02-02, Handelstype Alm. frit salg,https://www.boliga.dk//salg/info/101/17571/6F724D0C-A0F0-4ADD-B441-7228E619AB90,https://www.boliga.dk//bbrinfo/6f724d0c-a0f0-4add-b441-7228e619ab90,"(55.70716738, 12.59860693)","Murmanskgade 3, 3. mf, 2150 Nordhavn",0101,Egentlig beboelseslejlighed,Eget køkken med afløb,"Bolig i etageejendom, flerfamiliehus eller to-familiehus",Badeværelse i enheden,117, 1,117,Vandskyllende toilet i enheden,3, 1,400 V el fra værk
239," Helsinkigade 19, 2. tv 2150 Nordhavn ",6050000.0,2021-04-02, Handelstype Alm. frit salg,https://www.boliga.dk//salg/info/101/18747/3243D318-C610-4231-B379-450E909F89D8,https://www.boliga.dk//bbrinfo/3243d318-c610-4231-b379-450e909f89d8,"(55.70837293, 12.59617516)","Helsinkigade 19, 3., 2150 Nordhavn",0101,Egentlig beboelseslejlighed,Eget køkken med afløb,"Bolig i etageejendom, flerfamiliehus eller to-familiehus",Badeværelse i enheden,105, 1,105,Vandskyllende toilet i enheden,4, 1,-
240," Helsinkigade 19, 2. tv 2150 Nordhavn ",3595000.0,2014-07-02, Handelstype Alm. frit salg,https://www.boliga.dk//salg/info/101/18747/3243D318-C610-4231-B379-450E909F89D8,https://www.boliga.dk//bbrinfo/3243d318-c610-4231-b379-450e909f89d8,"(55.70837293, 12.59617516)","Helsinkigade 19, 3., 2150 Nordhavn",0101,Egentlig beboelseslejlighed,Eget køkken med afløb,"Bolig i etageejendom, flerfamiliehus eller to-familiehus",Badeværelse i enheden,105, 1,105,Vandskyllende toilet i enheden,4, 1,-
241," Trelleborggade 4, st. tv 2150 Nordhavn ",6005000.0,2021-04-02, Handelstype Alm. frit salg,https://www.boliga.dk//salg/info/101/18799/20EB6242-5F46-4D26-A04D-F4BC3BDF47D7,https://www.boliga.dk//bbrinfo/20eb6242-5f46-4d26-a04d-f4bc3bdf47d7,"(55.70626356, 12.592053)","Trelleborggade 4, 4. th, 2150 Nordhavn",0101,Egentlig beboelseslejlighed,Eget køkken med afløb,"Bolig i etageejendom, flerfamiliehus eller to-familiehus",Badeværelse i enheden,103, 1,103,Vandskyllende toilet i enheden,3, 1,-
242," Trelleborggade 4, st. tv 2150 Nordhavn ",4495000.0,2015-11-20, Handelstype Alm. frit salg,https://www.boliga.dk//salg/info/101/18799/20EB6242-5F46-4D26-A04D-F4BC3BDF47D7,https://www.boliga.dk//bbrinfo/20eb6242-5f46-4d26-a04d-f4bc3bdf47d7,"(55.70626356, 12.592053)","Trelleborggade 4, 4. th, 2150 Nordhavn",0101,Egentlig beboelseslejlighed,Eget køkken med afløb,"Bolig i etageejendom, flerfamiliehus eller to-familiehus",Badeværelse i enheden,103, 1,103,Vandskyllende toilet i enheden,3, 1,-
243," Helsinkigade 20, 8. 3 2150 Nordhavn ",6125000.0,2021-02-02, Handelstype Alm. frit salg,https://www.boliga.dk//salg/info/101/21636/2049A4C1-0655-4A6E-B402-9733DD615979,https://www.boliga.dk//bbrinfo/2049a4c1-0655-4a6e-b402-9733dd615979,"(55.70792825, 12.59733266)","Helsinkigade 20, 10., 2150 Nordhavn",0101,Egentlig beboelseslejlighed,Eget køkken med afløb,"Bolig i etageejendom, flerfamiliehus eller to-familiehus",Badeværelse i enheden,90, 1,90,Vandskyllende toilet i enheden,2, 1,-
244," Helsinkigade 20, 8. 3 2150 Nordhavn ",3910000.0,2014-09-05, Handelstype Alm. frit salg,https://www.boliga.dk//salg/info/101/21636/2049A4C1-0655-4A6E-B402-9733DD615979,https://www.boliga.dk//bbrinfo/2049a4c1-0655-4a6e-b402-9733dd615979,"(55.70792825, 12.59733266)","Helsinkigade 20, 10., 2150 Nordhavn",0101,Egentlig beboelseslejlighed,Eget køkken med afløb,"Bolig i etageejendom, flerfamiliehus eller to-familiehus",Badeværelse i enheden,90, 1,90,Vandskyllende toilet i enheden,2, 1,-
245," Helsinkigade 19, 2. th 2150 Nordhavn ",6195000.0,2021-08-01, Handelstype Alm. frit salg,https://www.boliga.dk//salg/info/101/18748/276A9606-2AEA-4901-9D5B-244680C1A7F6,https://www.boliga.dk//bbrinfo/276a9606-2aea-4901-9d5b-244680c1a7f6,"(55.70837293, 12.59617516)","Helsinkigade 19, 3., 2150 Nordhavn",0101,Egentlig beboelseslejlighed,Eget køkken med afløb,"Bolig i etageejendom, flerfamiliehus eller to-familiehus",Badeværelse i enheden,113, 1,113,Vandskyllende toilet i enheden,4, 1,-
246," Helsinkigade 19, 2. th 2150 Nordhavn ",3895000.0,2014-06-06, Handelstype Alm. frit salg,https://www.boliga.dk//salg/info/101/18748/276A9606-2AEA-4901-9D5B-244680C1A7F6,https://www.boliga.dk//bbrinfo/276a9606-2aea-4901-9d5b-244680c1a7f6,"(55.70837293, 12.59617516)","Helsinkigade 19, 3., 2150 Nordhavn",0101,Egentlig beboelseslejlighed,Eget køkken med afløb,"Bolig i etageejendom, flerfamiliehus eller to-familiehus",Badeværelse i enheden,113, 1,113,Vandskyllende toilet i enheden,4, 1,-
247," Trelleborggade 6, 4. tv 2150 Nordhavn ",8995000.0,2021-07-01, Handelstype Alm. frit salg,https://www.boliga.dk//salg/info/101/18829/44CBBEDA-D01E-49D6-A2E4-5905656D72FD,https://www.boliga.dk//bbrinfo/44cbbeda-d01e-49d6-a2e4-5905656d72fd,"(55.70628248, 12.59224217)","Trelleborggade 6, 4., 2150 Nordhavn",0101,Egentlig beboelseslejlighed,Eget køkken med afløb,"Bolig i etageejendom, flerfamiliehus eller to-familiehus",Badeværelse i enheden,109, 1,109,Vandskyllende toilet i enheden,3, 1,-
248," Trelleborggade 6, 4. tv 2150 Nordhavn ",5795000.0,2016-04-03, Handelstype Alm. frit salg,https://www.boliga.dk//salg/info/101/18829/44CBBEDA-D01E-49D6-A2E4-5905656D72FD,https://www.boliga.dk//bbrinfo/44cbbeda-d01e-49d6-a2e4-5905656d72fd,"(55.70628248, 12.59224217)","Trelleborggade 6, 4., 2150 Nordhavn",0101,Egentlig beboelseslejlighed,Eget køkken med afløb,"Bolig i etageejendom, flerfamiliehus eller to-familiehus",Badeværelse i enheden,109, 1,109,Vandskyllende toilet i enheden,3, 1,-
249," Fortkaj 30, 7. th 2150 Nordhavn ",20500000.0,2021-02-01, Handelstype Alm. frit salg,https://www.boliga.dk//salg/info/101/23285/C613EBB2-01C1-4F6D-A115-5C6D71366E17,https://www.boliga.dk//bbrinfo/c613ebb2-01c1-4f6d-a115-5c6d71366e17,"(55.70839574, 12.59807131)","Fortkaj 30, 2150 Nordhavn",0101,Egentlig beboelseslejlighed,Eget køkken med afløb,"Bolig i etageejendom, flerfamiliehus eller to-familiehus",Badeværelse i enheden,214, 2,214,Vandskyllende toilet i enheden,4, 2,400 V el fra værk
250," Fortkaj 30, 7. th 2150 Nordhavn ",11005000.0,2017-07-02, Handelstype Alm. frit salg,https://www.boliga.dk//salg/info/101/23285/C613EBB2-01C1-4F6D-A115-5C6D71366E17,https://www.boliga.dk//bbrinfo/c613ebb2-01c1-4f6d-a115-5c6d71366e17,"(55.70839574, 12.59807131)","Fortkaj 30, 2150 Nordhavn",0101,Egentlig beboelseslejlighed,Eget køkken med afløb,"Bolig i etageejendom, flerfamiliehus eller to-familiehus",Badeværelse i enheden,214, 2,214,Vandskyllende toilet i enheden,4, 2,400 V el fra værk
251," Dover Passage 2, 2. tv 2150 Nordhavn ",5700000.0,2021-01-01, Handelstype Alm. frit salg,https://www.boliga.dk//salg/info/101/18738/71C121AD-E46F-4BEA-B77D-4639CFB1EA66,https://www.boliga.dk//bbrinfo/71c121ad-e46f-4bea-b77d-4639cfb1ea66,"(55.70849348, 12.59608751)","Dover Passage 2, 2. th, 2150 Nordhavn",0101,Egentlig beboelseslejlighed,Eget køkken med afløb,"Bolig i etageejendom, flerfamiliehus eller to-familiehus",Badeværelse i enheden,108, 1,108,Vandskyllende toilet i enheden,4, 1,-
252," Dover Passage 2, 2. tv 2150 Nordhavn ",5300000.0,2018-08-02, Handelstype Alm. frit salg,https://www.boliga.dk//salg/info/101/18738/71C121AD-E46F-4BEA-B77D-4639CFB1EA66,https://www.boliga.dk//bbrinfo/71c121ad-e46f-4bea-b77d-4639cfb1ea66,"(55.70849348, 12.59608751)","Dover Passage 2, 2. th, 2150 Nordhavn",0101,Egentlig beboelseslejlighed,Eget køkken med afløb,"Bolig i etageejendom, flerfamiliehus eller to-familiehus",Badeværelse i enheden,108, 1,108,Vandskyllende toilet i enheden,4, 1,-
253," Dover Passage 2, 2. tv 2150 Nordhavn ",4910000.0,2017-06-01, Handelstype Alm. frit salg,https://www.boliga.dk//salg/info/101/18738/71C121AD-E46F-4BEA-B77D-4639CFB1EA66,https://www.boliga.dk//bbrinfo/71c121ad-e46f-4bea-b77d-4639cfb1ea66,"(55.70849348, 12.59608751)","Dover Passage 2, 2. th, 2150 Nordhavn",0101,Egentlig beboelseslejlighed,Eget køkken med afløb,"Bolig i etageejendom, flerfamiliehus eller to-familiehus",Badeværelse i enheden,108, 1,108,Vandskyllende toilet i enheden,4, 1,-
254," Dover Passage 2, 2. tv 2150 Nordhavn ",3650000.0,2014-05-03, Handelstype Alm. frit salg,https://www.boliga.dk//salg/info/101/18738/71C121AD-E46F-4BEA-B77D-4639CFB1EA66,https://www.boliga.dk//bbrinfo/71c121ad-e46f-4bea-b77d-4639cfb1ea66,"(55.70849348, 12.59608751)","Dover Passage 2, 2. th, 2150 Nordhavn",0101,Egentlig beboelseslejlighed,Eget køkken med afløb,"Bolig i etageejendom, flerfamiliehus eller to-familiehus",Badeværelse i enheden,108, 1,108,Vandskyllende toilet i enheden,4, 1,-
255," Sundkaj 71, 4. th 2150 Nordhavn ",9400000.0,2021-02-10, Handelstype Alm. frit salg,https://www.boliga.dk//salg/info/101/27111/2973CB2F-5BB3-4057-B232-6F9623354B86,https://www.boliga.dk//bbrinfo/2973cb2f-5bb3-4057-b232-6f9623354b86,"(55.70985657, 12.59763541)","Sundkaj 71, 5., 2150 Nordhavn",0101,Egentlig beboelseslejlighed,Eget køkken med afløb,"Bolig i etageejendom, flerfamiliehus eller to-familiehus",Badeværelse i enheden,157, 2,157,Vandskyllende toilet i enheden,5, 2,400 V el fra værk
256," Sundkaj 71, 4. th 2150 Nordhavn ",8495000.0,2017-03-20, Handelstype Alm. frit salg,https://www.boliga.dk//salg/info/101/27111/2973CB2F-5BB3-4057-B232-6F9623354B86,https://www.boliga.dk//bbrinfo/2973cb2f-5bb3-4057-b232-6f9623354b86,"(55.70985657, 12.59763541)","Sundkaj 71, 5., 2150 Nordhavn",0101,Egentlig beboelseslejlighed,Eget køkken med afløb,"Bolig i etageejendom, flerfamiliehus eller to-familiehus",Badeværelse i enheden,157, 2,157,Vandskyllende toilet i enheden,5, 2,400 V el fra værk
257," Fortkaj 22, 4. th 2150 Nordhavn ",7100000.0,2021-02-05, Handelstype Alm. frit salg,https://www.boliga.dk//salg/info/101/18702/5F5B97E1-BA29-4EC5-99FC-D89690567C8E,https://www.boliga.dk//bbrinfo/5f5b97e1-ba29-4ec5-99fc-d89690567c8e,"(55.70860402, 12.59680096)","Fortkaj 22, 1. th, 2150 Nordhavn",0101,Egentlig beboelseslejlighed,Eget køkken med afløb,"Bolig i etageejendom, flerfamiliehus eller to-familiehus",Badeværelse i enheden,118, 1,118,Vandskyllende toilet i enheden,4, 1,-
258," Fortkaj 22, 4. th 2150 Nordhavn ",5895000.0,2015-06-02, Handelstype Alm. frit salg,https://www.boliga.dk//salg/info/101/18702/5F5B97E1-BA29-4EC5-99FC-D89690567C8E,https://www.boliga.dk//bbrinfo/5f5b97e1-ba29-4ec5-99fc-d89690567c8e,"(55.70860402, 12.59680096)","Fortkaj 22, 1. th, 2150 Nordhavn",0101,Egentlig beboelseslejlighed,Eget køkken med afløb,"Bolig i etageejendom, flerfamiliehus eller to-familiehus",Badeværelse i enheden,118, 1,118,Vandskyllende toilet i enheden,4, 1,-
259," Göteborg Plads 4, 4. tv 2150 Nordhavn ",10300000.0,2021-02-03, Handelstype Alm. frit salg,https://www.boliga.dk//salg/info/101/17619/19993033-BAD0-4BAA-819E-21266CC1EE76,https://www.boliga.dk//bbrinfo/19993033-bad0-4baa-819e-21266cc1ee76,"(55.70683921, 12.59778127)","Göteborg Plads 4, 4. mf, 2150 Nordhavn",0101,Egentlig beboelseslejlighed,Eget køkken med afløb,"Bolig i etageejendom, flerfamiliehus eller to-familiehus",Badeværelse i enheden,133, 1,133,Vandskyllende toilet i enheden,3, 1,400 V el fra værk
260," Göteborg Plads 4, 4. tv 2150 Nordhavn ",7495000.0,2015-08-02, Handelstype Alm. frit salg,https://www.boliga.dk//salg/info/101/17619/19993033-BAD0-4BAA-819E-21266CC1EE76,https://www.boliga.dk//bbrinfo/19993033-bad0-4baa-819e-21266cc1ee76,"(55.70683921, 12.59778127)","Göteborg Plads 4, 4. mf, 2150 Nordhavn",0101,Egentlig beboelseslejlighed,Eget køkken med afløb,"Bolig i etageejendom, flerfamiliehus eller to-familiehus",Badeværelse i enheden,133, 1,133,Vandskyllende toilet i enheden,3, 1,400 V el fra værk
261," Sundkaj 33, 2. tv 2150 Nordhavn ",3995000.0,2021-02-01, Handelstype Alm. frit salg,https://www.boliga.dk//salg/info/101/39961/1DAD6032-028A-460D-B062-E157049E9E47,https://www.boliga.dk//bbrinfo/1dad6032-028a-460d-b062-e157049e9e47,"(55.71038191, 12.59642643)","Sundkaj 33, 1. mf, 2150 Nordhavn",0101,Egentlig beboelseslejlighed,Eget køkken med afløb,"Bolig i etageejendom, flerfamiliehus eller to-familiehus",Badeværelse i enheden,71, 1,71,Vandskyllende toilet i enheden,2, 1,-
262," Sundkaj 33, 2. tv 2150 Nordhavn ",3195000.0,2018-03-02, Handelstype Alm. frit salg,https://www.boliga.dk//salg/info/101/39961/1DAD6032-028A-460D-B062-E157049E9E47,https://www.boliga.dk//bbrinfo/1dad6032-028a-460d-b062-e157049e9e47,"(55.71038191, 12.59642643)","Sundkaj 33, 1. mf, 2150 Nordhavn",0101,Egentlig beboelseslejlighed,Eget køkken med afløb,"Bolig i etageejendom, flerfamiliehus eller to-familiehus",Badeværelse i enheden,71, 1,71,Vandskyllende toilet i enheden,2, 1,-
263," Sundkaj 71, 1. th 2150 Nordhavn ",8935000.0,2021-02-01, Handelstype Alm. frit salg,https://www.boliga.dk//salg/info/101/27105/BEC20977-D103-4664-B4B5-C49B5008E67A,https://www.boliga.dk//bbrinfo/bec20977-d103-4664-b4b5-c49b5008e67a,"(55.70985657, 12.59763541)","Sundkaj 71, 5., 2150 Nordhavn",0101,Egentlig beboelseslejlighed,Eget køkken med afløb,"Bolig i etageejendom, flerfamiliehus eller to-familiehus",Badeværelse i enheden,157, 2,157,Vandskyllende toilet i enheden,5, 2,400 V el fra værk
264," Sundkaj 71, 1. th 2150 Nordhavn ",7450000.0,2019-03-07, Handelstype Alm. frit salg,https://www.boliga.dk//salg/info/101/27105/BEC20977-D103-4664-B4B5-C49B5008E67A,https://www.boliga.dk//bbrinfo/bec20977-d103-4664-b4b5-c49b5008e67a,"(55.70985657, 12.59763541)","Sundkaj 71, 5., 2150 Nordhavn",0101,Egentlig beboelseslejlighed,Eget køkken med afløb,"Bolig i etageejendom, flerfamiliehus eller to-familiehus",Badeværelse i enheden,157, 2,157,Vandskyllende toilet i enheden,5, 2,400 V el fra værk
265, Rostockgade 16 2150 Nordhavn ,8450000.0,2021-01-30, Handelstype Alm. frit salg,https://www.boliga.dk//salg/info/101/18959/268CDAAD-601F-4BED-A0CF-FA9734BFADF0,https://www.boliga.dk//bbrinfo/268cdaad-601f-4bed-a0cf-fa9734bfadf0,"(55.7081308, 12.59394417)","Rostockgade 16, 2150 Nordhavn",0101,Egentlig beboelseslejlighed,Eget køkken med afløb,"Række-, kæde- og klyngehus",Badeværelse i enheden,141, 2,141,Vandskyllende toilet i enheden,4, 2,400 V el fra værk
266, Rostockgade 16 2150 Nordhavn ,5980923.0,2015-05-01, Handelstype Alm. frit salg,https://www.boliga.dk//salg/info/101/18959/268CDAAD-601F-4BED-A0CF-FA9734BFADF0,https://www.boliga.dk//bbrinfo/268cdaad-601f-4bed-a0cf-fa9734bfadf0,"(55.7081308, 12.59394417)","Rostockgade 16, 2150 Nordhavn",0101,Egentlig beboelseslejlighed,Eget køkken med afløb,"Række-, kæde- og klyngehus",Badeværelse i enheden,141, 2,141,Vandskyllende toilet i enheden,4, 2,400 V el fra værk
267," Sundkaj 89, 2. tv 2150 Nordhavn ",6150000.0,2021-09-02, Handelstype Alm. frit salg,https://www.boliga.dk//salg/info/101/34105/594F650B-AAF4-47A7-A6C4-612B13FFB7D8,https://www.boliga.dk//bbrinfo/594f650b-aaf4-47a7-a6c4-612b13ffb7d8,"(55.70966823, 12.598245)","Sundkaj 89, 1. th, 2150 Nordhavn",0101,Egentlig beboelseslejlighed,Eget køkken med afløb,"Bolig i etageejendom, flerfamiliehus eller to-familiehus",Badeværelse i enheden,96, 1,96,Vandskyllende toilet i enheden,4, 1,-
268," Sundkaj 89, 2. tv 2150 Nordhavn ",5095000.0,2017-08-08, Handelstype Alm. frit salg,https://www.boliga.dk//salg/info/101/34105/594F650B-AAF4-47A7-A6C4-612B13FFB7D8,https://www.boliga.dk//bbrinfo/594f650b-aaf4-47a7-a6c4-612b13ffb7d8,"(55.70966823, 12.598245)","Sundkaj 89, 1. th, 2150 Nordhavn",0101,Egentlig beboelseslejlighed,Eget køkken med afløb,"Bolig i etageejendom, flerfamiliehus eller to-familiehus",Badeværelse i enheden,96, 1,96,Vandskyllende toilet i enheden,4, 1,-
269," Sundkaj 31, st. th 2150 Nordhavn ",3800000.0,2021-09-02, Handelstype Alm. frit salg,https://www.boliga.dk//salg/info/101/40032/104CA29B-DFCD-4809-901E-31E1C07ACF66,https://www.boliga.dk//bbrinfo/104ca29b-dfcd-4809-901e-31e1c07acf66,"(55.71046692, 12.59624242)","Sundkaj 31, 1. mf, 2150 Nordhavn",0101,Egentlig beboelseslejlighed,Eget køkken med afløb,"Bolig i etageejendom, flerfamiliehus eller to-familiehus",Badeværelse i enheden,70, 1,70,Vandskyllende toilet i enheden,2, 1,-
270," Sundkaj 31, st. th 2150 Nordhavn ",2995000.0,2018-05-02, Handelstype Alm. frit salg,https://www.boliga.dk//salg/info/101/40032/104CA29B-DFCD-4809-901E-31E1C07ACF66,https://www.boliga.dk//bbrinfo/104ca29b-dfcd-4809-901e-31e1c07acf66,"(55.71046692, 12.59624242)","Sundkaj 31, 1. mf, 2150 Nordhavn",0101,Egentlig beboelseslejlighed,Eget køkken med afløb,"Bolig i etageejendom, flerfamiliehus eller to-familiehus",Badeværelse i enheden,70, 1,70,Vandskyllende toilet i enheden,2, 1,-
271," Sankt Petersborg Plads 2, 5 2150 Nordhavn ",6995000.0,2021-06-02, Handelstype Alm. frit salg,https://www.boliga.dk//salg/info/101/17549/48F459BC-B7E7-4808-8E6D-A8D942D213AB,https://www.boliga.dk//bbrinfo/48f459bc-b7e7-4808-8e6d-a8d942d213ab,"(55.70718713, 12.59799196)","Sankt Petersborg Plads 2, 2. th, 2150 Nordhavn",0101,Egentlig beboelseslejlighed,Eget køkken med afløb,"Bolig i etageejendom, flerfamiliehus eller to-familiehus",Badeværelse i enheden,113, 1,113,Vandskyllende toilet i enheden,3, 1,400 V el fra værk
272," Sankt Petersborg Plads 2, 5 2150 Nordhavn ",4750000.0,2014-04-09, Handelstype Alm. frit salg,https://www.boliga.dk//salg/info/101/17549/48F459BC-B7E7-4808-8E6D-A8D942D213AB,https://www.boliga.dk//bbrinfo/48f459bc-b7e7-4808-8e6d-a8d942d213ab,"(55.70718713, 12.59799196)","Sankt Petersborg Plads 2, 2. th, 2150 Nordhavn",0101,Egentlig beboelseslejlighed,Eget køkken med afløb,"Bolig i etageejendom, flerfamiliehus eller to-familiehus",Badeværelse i enheden,113, 1,113,Vandskyllende toilet i enheden,3, 1,400 V el fra værk
273," Sundkaj 31, st. mf 2150 Nordhavn ",3850000.0,2021-02-02, Handelstype Alm. frit salg,https://www.boliga.dk//salg/info/101/40034/F8106D37-A0A0-4686-88E1-B42F14DFCF2A,https://www.boliga.dk//bbrinfo/f8106d37-a0a0-4686-88e1-b42f14dfcf2a,"(55.71046692, 12.59624242)","Sundkaj 31, 1. mf, 2150 Nordhavn",0101,Egentlig beboelseslejlighed,Eget køkken med afløb,"Bolig i etageejendom, flerfamiliehus eller to-familiehus",Badeværelse i enheden,70, 1,70,Vandskyllende toilet i enheden,2, 1,-
274," Sundkaj 31, st. mf 2150 Nordhavn ",2995000.0,2019-05-01, Handelstype Alm. frit salg,https://www.boliga.dk//salg/info/101/40034/F8106D37-A0A0-4686-88E1-B42F14DFCF2A,https://www.boliga.dk//bbrinfo/f8106d37-a0a0-4686-88e1-b42f14dfcf2a,"(55.71046692, 12.59624242)","Sundkaj 31, 1. mf, 2150 Nordhavn",0101,Egentlig beboelseslejlighed,Eget køkken med afløb,"Bolig i etageejendom, flerfamiliehus eller to-familiehus",Badeværelse i enheden,70, 1,70,Vandskyllende toilet i enheden,2, 1,-
275," Sundkaj 29, st. mf 2150 Nordhavn ",2050000.0,2021-02-02, Handelstype Alm. frit salg,https://www.boliga.dk//salg/info/101/40017/843D1C79-E8DA-410C-BFC4-DE3F50020B18,https://www.boliga.dk//bbrinfo/843d1c79-e8da-410c-bfc4-de3f50020b18,"(55.71055008, 12.59594205)","Sundkaj 29, 1. mf, 2150 Nordhavn",0101,Egentlig beboelseslejlighed,Eget køkken med afløb,"Bolig i etageejendom, flerfamiliehus eller to-familiehus",Badeværelse i enheden,82, 1,82,Vandskyllende toilet i enheden,3, 1,-
276," Sundkaj 29, st. mf 2150 Nordhavn ",3495000.0,2018-06-02, Handelstype Alm. frit salg,https://www.boliga.dk//salg/info/101/40017/843D1C79-E8DA-410C-BFC4-DE3F50020B18,https://www.boliga.dk//bbrinfo/843d1c79-e8da-410c-bfc4-de3f50020b18,"(55.71055008, 12.59594205)","Sundkaj 29, 1. mf, 2150 Nordhavn",0101,Egentlig beboelseslejlighed,Eget køkken med afløb,"Bolig i etageejendom, flerfamiliehus eller to-familiehus",Badeværelse i enheden,82, 1,82,Vandskyllende toilet i enheden,3, 1,-
277," Göteborg Plads 12, 2. th 2150 Nordhavn ",5350000.0,2021-01-02, Handelstype Alm. frit salg,https://www.boliga.dk//salg/info/101/17638/8F3670B6-B38D-46DA-B13E-2F115D6867A1,https://www.boliga.dk//bbrinfo/8f3670b6-b38d-46da-b13e-2f115d6867a1,"(55.70708275, 12.59770637)","Göteborg Plads 12, 1. mf, 2150 Nordhavn",0101,Egentlig beboelseslejlighed,Eget køkken med afløb,"Bolig i etageejendom, flerfamiliehus eller to-familiehus",Badeværelse i enheden,103, 1,103,Vandskyllende toilet i enheden,3, 1,400 V el fra værk
278," Göteborg Plads 12, 2. th 2150 Nordhavn ",3295000.0,2014-09-01, Handelstype Alm. frit salg,https://www.boliga.dk//salg/info/101/17638/8F3670B6-B38D-46DA-B13E-2F115D6867A1,https://www.boliga.dk//bbrinfo/8f3670b6-b38d-46da-b13e-2f115d6867a1,"(55.70708275, 12.59770637)","Göteborg Plads 12, 1. mf, 2150 Nordhavn",0101,Egentlig beboelseslejlighed,Eget køkken med afløb,"Bolig i etageejendom, flerfamiliehus eller to-familiehus",Badeværelse i enheden,103, 1,103,Vandskyllende toilet i enheden,3, 1,400 V el fra værk
279," Sundkaj 101, st. th 2150 Nordhavn ",3435000.0,2021-09-01, Handelstype Alm. frit salg,https://www.boliga.dk//salg/info/101/40864/BECDCF62-5DB2-41A3-B4A3-039318F201BE,https://www.boliga.dk//bbrinfo/becdcf62-5db2-41a3-b4a3-039318f201be,"(55.70975964, 12.5988779)","Sundkaj 101, 4., 2150 Nordhavn",0101,Egentlig beboelseslejlighed,Eget køkken med afløb,"Bolig i etageejendom, flerfamiliehus eller to-familiehus",Badeværelse i enheden,57, 1,57,Vandskyllende toilet i enheden,2, 1,-
280," Sundkaj 101, st. th 2150 Nordhavn ",2750000.0,2020-06-02, Handelstype Alm. frit salg,https://www.boliga.dk//salg/info/101/40864/BECDCF62-5DB2-41A3-B4A3-039318F201BE,https://www.boliga.dk//bbrinfo/becdcf62-5db2-41a3-b4a3-039318f201be,"(55.70975964, 12.5988779)","Sundkaj 101, 4., 2150 Nordhavn",0101,Egentlig beboelseslejlighed,Eget køkken med afløb,"Bolig i etageejendom, flerfamiliehus eller to-familiehus",Badeværelse i enheden,57, 1,57,Vandskyllende toilet i enheden,2, 1,-
281," Helsinkigade 23, 1. tv 2150 Nordhavn ",6600000.0,2022-06-01, Handelstype Alm. frit salg,https://www.boliga.dk//salg/info/101/18762/8F8D4030-E2D8-46B7-8BCD-65C72C3A3EE7,https://www.boliga.dk//bbrinfo/8f8d4030-e2d8-46b7-8bcd-65c72c3a3ee7,"(55.70829786, 12.59659491)","Helsinkigade 23, 1. th, 2150 Nordhavn",0101,Egentlig beboelseslejlighed,Eget køkken med afløb,"Bolig i etageejendom, flerfamiliehus eller to-familiehus",Badeværelse i enheden,102, 1,102,Vandskyllende toilet i enheden,4, 1,-
282," Helsinkigade 23, 1. tv 2150 Nordhavn ",5450000.0,2021-09-01, Handelstype Alm. frit salg,https://www.boliga.dk//salg/info/101/18762/8F8D4030-E2D8-46B7-8BCD-65C72C3A3EE7,https://www.boliga.dk//bbrinfo/8f8d4030-e2d8-46b7-8bcd-65c72c3a3ee7,"(55.70829786, 12.59659491)","Helsinkigade 23, 1. th, 2150 Nordhavn",0101,Egentlig beboelseslejlighed,Eget køkken med afløb,"Bolig i etageejendom, flerfamiliehus eller to-familiehus",Badeværelse i enheden,102, 1,102,Vandskyllende toilet i enheden,4, 1,-
283," Helsinkigade 23, 1. tv 2150 Nordhavn ",3495000.0,2014-06-01, Handelstype Alm. frit salg,https://www.boliga.dk//salg/info/101/18762/8F8D4030-E2D8-46B7-8BCD-65C72C3A3EE7,https://www.boliga.dk//bbrinfo/8f8d4030-e2d8-46b7-8bcd-65c72c3a3ee7,"(55.70829786, 12.59659491)","Helsinkigade 23, 1. th, 2150 Nordhavn",0101,Egentlig beboelseslejlighed,Eget køkken med afløb,"Bolig i etageejendom, flerfamiliehus eller to-familiehus",Badeværelse i enheden,102, 1,102,Vandskyllende toilet i enheden,4, 1,-
284," Dunkerquegade 1, 2. th 2150 Nordhavn ",6300000.0,2021-05-01, Handelstype Alm. frit salg,https://www.boliga.dk//salg/info/101/18684/37CEF637-A50D-4B78-8268-F356E056CEA4,https://www.boliga.dk//bbrinfo/37cef637-a50d-4b78-8268-f356e056cea4,"(55.70844508, 12.59686421)","Dunkerquegade 1, 1. mf, 2150 Nordhavn",0101,Egentlig beboelseslejlighed,Eget køkken med afløb,"Bolig i etageejendom, flerfamiliehus eller to-familiehus",Badeværelse i enheden,118, 1,118,Vandskyllende toilet i enheden,4, 1,-
285," Dunkerquegade 1, 2. th 2150 Nordhavn ",5600000.0,2017-06-09, Handelstype Alm. frit salg,https://www.boliga.dk//salg/info/101/18684/37CEF637-A50D-4B78-8268-F356E056CEA4,https://www.boliga.dk//bbrinfo/37cef637-a50d-4b78-8268-f356e056cea4,"(55.70844508, 12.59686421)","Dunkerquegade 1, 1. mf, 2150 Nordhavn",0101,Egentlig beboelseslejlighed,Eget køkken med afløb,"Bolig i etageejendom, flerfamiliehus eller to-familiehus",Badeværelse i enheden,118, 1,118,Vandskyllende toilet i enheden,4, 1,-
286," Dunkerquegade 1, 2. th 2150 Nordhavn ",4195000.0,2014-09-02, Handelstype Alm. frit salg,https://www.boliga.dk//salg/info/101/18684/37CEF637-A50D-4B78-8268-F356E056CEA4,https://www.boliga.dk//bbrinfo/37cef637-a50d-4b78-8268-f356e056cea4,"(55.70844508, 12.59686421)","Dunkerquegade 1, 1. mf, 2150 Nordhavn",0101,Egentlig beboelseslejlighed,Eget køkken med afløb,"Bolig i etageejendom, flerfamiliehus eller to-familiehus",Badeværelse i enheden,118, 1,118,Vandskyllende toilet i enheden,4, 1,-
287," Sundkaj 29, 1. mf 2150 Nordhavn ",4200000.0,2021-02-01, Handelstype Alm. frit salg,https://www.boliga.dk//salg/info/101/40021/D286FD69-5E70-4A85-8AD7-C6EA94C4AD32,https://www.boliga.dk//bbrinfo/d286fd69-5e70-4a85-8ad7-c6ea94c4ad32,"(55.71055008, 12.59594205)","Sundkaj 29, 1. mf, 2150 Nordhavn",0101,Egentlig beboelseslejlighed,Eget køkken med afløb,"Bolig i etageejendom, flerfamiliehus eller to-familiehus",Badeværelse i enheden,82, 1,82,Vandskyllende toilet i enheden,3, 1,-
288," Sundkaj 29, 1. mf 2150 Nordhavn ",3595000.0,2018-07-30, Handelstype Alm. frit salg,https://www.boliga.dk//salg/info/101/40021/D286FD69-5E70-4A85-8AD7-C6EA94C4AD32,https://www.boliga.dk//bbrinfo/d286fd69-5e70-4a85-8ad7-c6ea94c4ad32,"(55.71055008, 12.59594205)","Sundkaj 29, 1. mf, 2150 Nordhavn",0101,Egentlig beboelseslejlighed,Eget køkken med afløb,"Bolig i etageejendom, flerfamiliehus eller to-familiehus",Badeværelse i enheden,82, 1,82,Vandskyllende toilet i enheden,3, 1,-
289," Helsinkigade 29, 11. mf 2150 Nordhavn ",8250000.0,2021-01-08, Handelstype Alm. frit salg,https://www.boliga.dk//salg/info/101/23312/8FB8C296-C4EA-4BC9-8855-78ACACC9ED85,https://www.boliga.dk//bbrinfo/8fb8c296-c4ea-4bc9-8855-78acacc9ed85,"(55.70806117, 12.59788684)","Helsinkigade 29, 2150 Nordhavn",0101,Egentlig beboelseslejlighed,Eget køkken med afløb,"Bolig i etageejendom, flerfamiliehus eller to-familiehus",Badeværelse i enheden,116, 1,116,Vandskyllende toilet i enheden,2, 2,400 V el fra værk
290," Helsinkigade 29, 11. mf 2150 Nordhavn ",6320990.0,2017-07-07, Handelstype Alm. frit salg,https://www.boliga.dk//salg/info/101/23312/8FB8C296-C4EA-4BC9-8855-78ACACC9ED85,https://www.boliga.dk//bbrinfo/8fb8c296-c4ea-4bc9-8855-78acacc9ed85,"(55.70806117, 12.59788684)","Helsinkigade 29, 2150 Nordhavn",0101,Egentlig beboelseslejlighed,Eget køkken med afløb,"Bolig i etageejendom, flerfamiliehus eller to-familiehus",Badeværelse i enheden,116, 1,116,Vandskyllende toilet i enheden,2, 2,400 V el fra værk
291," Helsinkigade 18, 8. 4 2150 Nordhavn ",7595000.0,2021-01-04, Handelstype Alm. frit salg,https://www.boliga.dk//salg/info/101/21594/234D6CE4-D4E2-4789-831D-FCF76B4D6897,https://www.boliga.dk//bbrinfo/234d6ce4-d4e2-4789-831d-fcf76b4d6897,"(55.70798351, 12.59704886)","Helsinkigade 18, 2. 2, 2150 Nordhavn",0101,Egentlig beboelseslejlighed,Eget køkken med afløb,"Bolig i etageejendom, flerfamiliehus eller to-familiehus",Badeværelse i enheden,103, 1,103,Vandskyllende toilet i enheden,3, 1,-
292," Helsinkigade 18, 8. 4 2150 Nordhavn ",5959974.0,2015-02-02, Handelstype Alm. frit salg,https://www.boliga.dk//salg/info/101/21594/234D6CE4-D4E2-4789-831D-FCF76B4D6897,https://www.boliga.dk//bbrinfo/234d6ce4-d4e2-4789-831d-fcf76b4d6897,"(55.70798351, 12.59704886)","Helsinkigade 18, 2. 2, 2150 Nordhavn",0101,Egentlig beboelseslejlighed,Eget køkken med afløb,"Bolig i etageejendom, flerfamiliehus eller to-familiehus",Badeværelse i enheden,103, 1,103,Vandskyllende toilet i enheden,3, 1,-
293, Århusgade 141 2150 Nordhavn ,9900000.0,2021-01-01, Handelstype Alm. frit salg,https://www.boliga.dk//salg/info/101/19126/359AD343-688B-471D-959E-4D4177F672FF,https://www.boliga.dk//bbrinfo/359ad343-688b-471d-959e-4d4177f672ff,"(55.70791064, 12.59441189)","Århusgade 141, 2150 Nordhavn",0101,Egentlig beboelseslejlighed,Eget køkken med afløb,"Række-, kæde- og klyngehus",Badeværelse i enheden,120, 1,120,Vandskyllende toilet i enheden,4, 2,-
294, Århusgade 141 2150 Nordhavn ,5675000.0,2015-08-02, Handelstype Alm. frit salg,https://www.boliga.dk//salg/info/101/19126/359AD343-688B-471D-959E-4D4177F672FF,https://www.boliga.dk//bbrinfo/359ad343-688b-471d-959e-4d4177f672ff,"(55.70791064, 12.59441189)","Århusgade 141, 2150 Nordhavn",0101,Egentlig beboelseslejlighed,Eget køkken med afløb,"Række-, kæde- og klyngehus",Badeværelse i enheden,120, 1,120,Vandskyllende toilet i enheden,4, 2,-
295," Helsinkigade 21, st. tv 2150 Nordhavn ",4750000.0,2020-05-01, Handelstype Alm. frit salg,https://www.boliga.dk//salg/info/101/18751/28652631-99B7-4B1D-A61C-E32921F3329E,https://www.boliga.dk//bbrinfo/28652631-99b7-4b1d-a61c-e32921f3329e,"(55.70833562, 12.59638354)","Helsinkigade 21, 4., 2150 Nordhavn",0101,Egentlig beboelseslejlighed,Eget køkken med afløb,"Bolig i etageejendom, flerfamiliehus eller to-familiehus",Badeværelse i enheden,103, 1,103,Vandskyllende toilet i enheden,4, 1,-
296," Helsinkigade 21, st. tv 2150 Nordhavn ",2895000.0,2014-05-08, Handelstype Alm. frit salg,https://www.boliga.dk//salg/info/101/18751/28652631-99B7-4B1D-A61C-E32921F3329E,https://www.boliga.dk//bbrinfo/28652631-99b7-4b1d-a61c-e32921f3329e,"(55.70833562, 12.59638354)","Helsinkigade 21, 4., 2150 Nordhavn",0101,Egentlig beboelseslejlighed,Eget køkken med afløb,"Bolig i etageejendom, flerfamiliehus eller to-familiehus",Badeværelse i enheden,103, 1,103,Vandskyllende toilet i enheden,4, 1,-
297," Helsinkigade 18, 2. 1 2150 Nordhavn ",6100000.0,2020-03-01, Handelstype Alm. frit salg,https://www.boliga.dk//salg/info/101/21566/8F2943D4-3478-4285-8FB6-2894985622FF,https://www.boliga.dk//bbrinfo/8f2943d4-3478-4285-8fb6-2894985622ff,"(55.70798351, 12.59704886)","Helsinkigade 18, 2. 2, 2150 Nordhavn",0101,Egentlig beboelseslejlighed,Eget køkken med afløb,"Bolig i etageejendom, flerfamiliehus eller to-familiehus",Badeværelse i enheden,102, 1,102,Vandskyllende toilet i enheden,3, 1,-
298," Helsinkigade 18, 2. 1 2150 Nordhavn ",3980854.0,2014-09-05, Handelstype Alm. frit salg,https://www.boliga.dk//salg/info/101/21566/8F2943D4-3478-4285-8FB6-2894985622FF,https://www.boliga.dk//bbrinfo/8f2943d4-3478-4285-8fb6-2894985622ff,"(55.70798351, 12.59704886)","Helsinkigade 18, 2. 2, 2150 Nordhavn",0101,Egentlig beboelseslejlighed,Eget køkken med afløb,"Bolig i etageejendom, flerfamiliehus eller to-familiehus",Badeværelse i enheden,102, 1,102,Vandskyllende toilet i enheden,3, 1,-
299," Murmanskgade 3, 2. tv 2150 Nordhavn ",6349000.0,2020-01-01, Handelstype Alm. frit salg,https://www.boliga.dk//salg/info/101/17568/67F161A6-56FC-4A07-B4E8-1EB79507FE78,https://www.boliga.dk//bbrinfo/67f161a6-56fc-4a07-b4e8-1eb79507fe78,"(55.70716738, 12.59860693)","Murmanskgade 3, 3. mf, 2150 Nordhavn",0101,Egentlig beboelseslejlighed,Eget køkken med afløb,"Bolig i etageejendom, flerfamiliehus eller to-familiehus",Badeværelse i enheden,117, 1,117,Vandskyllende toilet i enheden,4, 1,400 V el fra værk
300," Murmanskgade 3, 2. tv 2150 Nordhavn ",3095000.0,2013-02-01, Handelstype Alm. frit salg,https://www.boliga.dk//salg/info/101/17568/67F161A6-56FC-4A07-B4E8-1EB79507FE78,https://www.boliga.dk//bbrinfo/67f161a6-56fc-4a07-b4e8-1eb79507fe78,"(55.70716738, 12.59860693)","Murmanskgade 3, 3. mf, 2150 Nordhavn",0101,Egentlig beboelseslejlighed,Eget køkken med afløb,"Bolig i etageejendom, flerfamiliehus eller to-familiehus",Badeværelse i enheden,117, 1,117,Vandskyllende toilet i enheden,4, 1,400 V el fra værk
301," Helsinkigade 23, 4. tv 2150 Nordhavn ",6850000.0,2020-12-10, Handelstype Alm. frit salg,https://www.boliga.dk//salg/info/101/18769/15135583-84B6-4A8C-8DE9-549A0953C8C0,https://www.boliga.dk//bbrinfo/15135583-84b6-4a8c-8de9-549a0953c8c0,"(55.70829786, 12.59659491)","Helsinkigade 23, 1. th, 2150 Nordhavn",0101,Egentlig beboelseslejlighed,Eget køkken med afløb,"Bolig i etageejendom, flerfamiliehus eller to-familiehus",Badeværelse i enheden,129, 1,129,Vandskyllende toilet i enheden,4, 1,-
302," Helsinkigade 23, 4. tv 2150 Nordhavn ",6295000.0,2014-11-03, Handelstype Alm. frit salg,https://www.boliga.dk//salg/info/101/18769/15135583-84B6-4A8C-8DE9-549A0953C8C0,https://www.boliga.dk//bbrinfo/15135583-84b6-4a8c-8de9-549a0953c8c0,"(55.70829786, 12.59659491)","Helsinkigade 23, 1. th, 2150 Nordhavn",0101,Egentlig beboelseslejlighed,Eget køkken med afløb,"Bolig i etageejendom, flerfamiliehus eller to-familiehus",Badeværelse i enheden,129, 1,129,Vandskyllende toilet i enheden,4, 1,-
303, Kielgade 1 2150 Nordhavn ,9800000.0,2020-12-09, Handelstype Alm. frit salg,https://www.boliga.dk//salg/info/101/15224/788F9AD6-B107-494E-9792-E9196AF6E54F,https://www.boliga.dk//bbrinfo/788f9ad6-b107-494e-9792-e9196af6e54f,"(55.7082869, 12.59403304)","Kielgade 1, 2150 Nordhavn",0101,Egentlig beboelseslejlighed,Eget køkken med afløb,"Række-, kæde- og klyngehus",Badeværelse i enheden,151, 2,151,Vandskyllende toilet i enheden,5, 2,-
304, Kielgade 1 2150 Nordhavn ,9048000.0,2015-07-02, Handelstype Alm. frit salg,https://www.boliga.dk//salg/info/101/15224/788F9AD6-B107-494E-9792-E9196AF6E54F,https://www.boliga.dk//bbrinfo/788f9ad6-b107-494e-9792-e9196af6e54f,"(55.7082869, 12.59403304)","Kielgade 1, 2150 Nordhavn",0101,Egentlig beboelseslejlighed,Eget køkken med afløb,"Række-, kæde- og klyngehus",Badeværelse i enheden,151, 2,151,Vandskyllende toilet i enheden,5, 2,-
305, Kielgade 1 2150 Nordhavn ,6923805.0,2014-06-02, Handelstype Alm. frit salg,https://www.boliga.dk//salg/info/101/15224/788F9AD6-B107-494E-9792-E9196AF6E54F,https://www.boliga.dk//bbrinfo/788f9ad6-b107-494e-9792-e9196af6e54f,"(55.7082869, 12.59403304)","Kielgade 1, 2150 Nordhavn",0101,Egentlig beboelseslejlighed,Eget køkken med afløb,"Række-, kæde- og klyngehus",Badeværelse i enheden,151, 2,151,Vandskyllende toilet i enheden,5, 2,-
306, Kielgade 1 2150 Nordhavn ,6923805.0,2014-06-02, Handelstype Alm. frit salg,https://www.boliga.dk//salg/info/101/15224/788F9AD6-B107-494E-9792-E9196AF6E54F,https://www.boliga.dk//bbrinfo/788f9ad6-b107-494e-9792-e9196af6e54f,"(55.7082869, 12.59403304)","Kielgade 1, 2150 Nordhavn",0101,Egentlig beboelseslejlighed,Eget køkken med afløb,"Række-, kæde- og klyngehus",Badeværelse i enheden,151, 2,151,Vandskyllende toilet i enheden,5, 2,-
307," Trelleborggade 18, st. th 2150 Nordhavn ",5345000.0,2020-12-08, Handelstype Alm. frit salg,https://www.boliga.dk//salg/info/101/21422/A8117E2A-0538-4BCF-9CF8-1548EA338EAA,https://www.boliga.dk//bbrinfo/a8117e2a-0538-4bcf-9cf8-1548ea338eaa,"(55.70665566, 12.59395718)","Trelleborggade 18, 1. th, 2150 Nordhavn",0101,Egentlig beboelseslejlighed,Eget køkken med afløb,"Bolig i etageejendom, flerfamiliehus eller to-familiehus",Badeværelse i enheden,92, 1,92,Vandskyllende toilet i enheden,3, 1,-
308," Trelleborggade 18, st. th 2150 Nordhavn ",5000000.0,2018-10-02, Handelstype Alm. frit salg,https://www.boliga.dk//salg/info/101/21422/A8117E2A-0538-4BCF-9CF8-1548EA338EAA,https://www.boliga.dk//bbrinfo/a8117e2a-0538-4bcf-9cf8-1548ea338eaa,"(55.70665566, 12.59395718)","Trelleborggade 18, 1. th, 2150 Nordhavn",0101,Egentlig beboelseslejlighed,Eget køkken med afløb,"Bolig i etageejendom, flerfamiliehus eller to-familiehus",Badeværelse i enheden,92, 1,92,Vandskyllende toilet i enheden,3, 1,-
309," Trelleborggade 18, st. th 2150 Nordhavn ",3995000.0,2015-04-20, Handelstype Alm. frit salg,https://www.boliga.dk//salg/info/101/21422/A8117E2A-0538-4BCF-9CF8-1548EA338EAA,https://www.boliga.dk//bbrinfo/a8117e2a-0538-4bcf-9cf8-1548ea338eaa,"(55.70665566, 12.59395718)","Trelleborggade 18, 1. th, 2150 Nordhavn",0101,Egentlig beboelseslejlighed,Eget køkken med afløb,"Bolig i etageejendom, flerfamiliehus eller to-familiehus",Badeværelse i enheden,92, 1,92,Vandskyllende toilet i enheden,3, 1,-
310," Sankt Petersborg Plads 2, 1. tv 2150 Nordhavn ",6125000.0,2020-12-01, Handelstype Alm. frit salg,https://www.boliga.dk//salg/info/101/17542/98AB2B04-29A1-436D-B1C8-B5A26E061B64,https://www.boliga.dk//bbrinfo/98ab2b04-29a1-436d-b1c8-b5a26e061b64,"(55.70718713, 12.59799196)","Sankt Petersborg Plads 2, 2. th, 2150 Nordhavn",0101,Egentlig beboelseslejlighed,Eget køkken med afløb,"Bolig i etageejendom, flerfamiliehus eller to-familiehus",Badeværelse i enheden,111, 1,111,Vandskyllende toilet i enheden,4, 1,400 V el fra værk
311," Sankt Petersborg Plads 2, 1. tv 2150 Nordhavn ",5150000.0,2017-07-01, Handelstype Alm. frit salg,https://www.boliga.dk//salg/info/101/17542/98AB2B04-29A1-436D-B1C8-B5A26E061B64,https://www.boliga.dk//bbrinfo/98ab2b04-29a1-436d-b1c8-b5a26e061b64,"(55.70718713, 12.59799196)","Sankt Petersborg Plads 2, 2. th, 2150 Nordhavn",0101,Egentlig beboelseslejlighed,Eget køkken med afløb,"Bolig i etageejendom, flerfamiliehus eller to-familiehus",Badeværelse i enheden,111, 1,111,Vandskyllende toilet i enheden,4, 1,400 V el fra værk
312," Sankt Petersborg Plads 2, 1. tv 2150 Nordhavn ",2495000.0,2013-10-09, Handelstype Alm. frit salg,https://www.boliga.dk//salg/info/101/17542/98AB2B04-29A1-436D-B1C8-B5A26E061B64,https://www.boliga.dk//bbrinfo/98ab2b04-29a1-436d-b1c8-b5a26e061b64,"(55.70718713, 12.59799196)","Sankt Petersborg Plads 2, 2. th, 2150 Nordhavn",0101,Egentlig beboelseslejlighed,Eget køkken med afløb,"Bolig i etageejendom, flerfamiliehus eller to-familiehus",Badeværelse i enheden,111, 1,111,Vandskyllende toilet i enheden,4, 1,400 V el fra værk
313," Trelleborggade 20, 2. tv 2150 Nordhavn ",1840000.0,2020-12-01, Handelstype Familieoverdragelse,https://www.boliga.dk//salg/info/101/21438/49358748-84D1-409C-BFFF-D3C84A56BF6F,https://www.boliga.dk//bbrinfo/49358748-84d1-409c-bfff-d3c84a56bf6f,"(55.70667705, 12.59415088)","Trelleborggade 20, 5., 2150 Nordhavn",0101,Egentlig beboelseslejlighed,Eget køkken med afløb,"Bolig i etageejendom, flerfamiliehus eller to-familiehus",Badeværelse i enheden,58, 1,58,Vandskyllende toilet i enheden,2, 1,-
314," Trelleborggade 20, 2. tv 2150 Nordhavn ",2375000.0,2015-03-01, Handelstype Alm. frit salg,https://www.boliga.dk//salg/info/101/21438/49358748-84D1-409C-BFFF-D3C84A56BF6F,https://www.boliga.dk//bbrinfo/49358748-84d1-409c-bfff-d3c84a56bf6f,"(55.70667705, 12.59415088)","Trelleborggade 20, 5., 2150 Nordhavn",0101,Egentlig beboelseslejlighed,Eget køkken med afløb,"Bolig i etageejendom, flerfamiliehus eller to-familiehus",Badeværelse i enheden,58, 1,58,Vandskyllende toilet i enheden,2, 1,-
315," Murmanskgade 3, 2. mf 2150 Nordhavn ",8410000.0,2020-07-02, Handelstype Alm. frit salg,https://www.boliga.dk//salg/info/101/17569/ADB06BBB-410E-498F-8D70-75A718D53B0F,https://www.boliga.dk//bbrinfo/adb06bbb-410e-498f-8d70-75a718d53b0f,"(55.70716738, 12.59860693)","Murmanskgade 3, 3. mf, 2150 Nordhavn",0101,Egentlig beboelseslejlighed,Eget køkken med afløb,"Bolig i etageejendom, flerfamiliehus eller to-familiehus",Badeværelse i enheden,139, 1,139,Vandskyllende toilet i enheden,4, 1,400 V el fra værk
316," Murmanskgade 3, 2. mf 2150 Nordhavn ",5750000.0,2014-05-02, Handelstype Alm. frit salg,https://www.boliga.dk//salg/info/101/17569/ADB06BBB-410E-498F-8D70-75A718D53B0F,https://www.boliga.dk//bbrinfo/adb06bbb-410e-498f-8d70-75a718d53b0f,"(55.70716738, 12.59860693)","Murmanskgade 3, 3. mf, 2150 Nordhavn",0101,Egentlig beboelseslejlighed,Eget køkken med afløb,"Bolig i etageejendom, flerfamiliehus eller to-familiehus",Badeværelse i enheden,139, 1,139,Vandskyllende toilet i enheden,4, 1,400 V el fra værk
317," Murmanskgade 1, 1. mf 2150 Nordhavn ",8650000.0,2020-07-02, Handelstype Alm. frit salg,https://www.boliga.dk//salg/info/101/17584/B8E33B92-BC9A-452B-B094-C7D302496CF6,https://www.boliga.dk//bbrinfo/b8e33b92-bc9a-452b-b094-c7d302496cf6,"(55.70691325, 12.59860775)","Murmanskgade 1, 1. mf, 2150 Nordhavn",0101,Egentlig beboelseslejlighed,Eget køkken med afløb,"Bolig i etageejendom, flerfamiliehus eller to-familiehus",Badeværelse i enheden,134, 1,134,Vandskyllende toilet i enheden,3, 1,400 V el fra værk
318," Murmanskgade 1, 1. mf 2150 Nordhavn ",7495000.0,2015-05-06, Handelstype Alm. frit salg,https://www.boliga.dk//salg/info/101/17584/B8E33B92-BC9A-452B-B094-C7D302496CF6,https://www.boliga.dk//bbrinfo/b8e33b92-bc9a-452b-b094-c7d302496cf6,"(55.70691325, 12.59860775)","Murmanskgade 1, 1. mf, 2150 Nordhavn",0101,Egentlig beboelseslejlighed,Eget køkken med afløb,"Bolig i etageejendom, flerfamiliehus eller to-familiehus",Badeværelse i enheden,134, 1,134,Vandskyllende toilet i enheden,3, 1,400 V el fra værk
319," Helsinkigade 18, 5. 2 2150 Nordhavn ",5200000.0,2020-05-02, Handelstype Alm. frit salg,https://www.boliga.dk//salg/info/101/21579/69CF7835-D9A9-40B3-961D-AAEAAF03B767,https://www.boliga.dk//bbrinfo/69cf7835-d9a9-40b3-961d-aaeaaf03b767,"(55.70798351, 12.59704886)","Helsinkigade 18, 2. 2, 2150 Nordhavn",0101,Egentlig beboelseslejlighed,Eget køkken med afløb,"Bolig i etageejendom, flerfamiliehus eller to-familiehus",Badeværelse i enheden,84, 1,84,Vandskyllende toilet i enheden,2, 1,-
320," Helsinkigade 18, 5. 2 2150 Nordhavn ",3239682.0,2014-07-02, Handelstype Alm. frit salg,https://www.boliga.dk//salg/info/101/21579/69CF7835-D9A9-40B3-961D-AAEAAF03B767,https://www.boliga.dk//bbrinfo/69cf7835-d9a9-40b3-961d-aaeaaf03b767,"(55.70798351, 12.59704886)","Helsinkigade 18, 2. 2, 2150 Nordhavn",0101,Egentlig beboelseslejlighed,Eget køkken med afløb,"Bolig i etageejendom, flerfamiliehus eller to-familiehus",Badeværelse i enheden,84, 1,84,Vandskyllende toilet i enheden,2, 1,-
321," Fortkaj 30, 13. tv 2150 Nordhavn ",20200000.0,2020-11-20, Handelstype Alm. frit salg,https://www.boliga.dk//salg/info/101/23293/6E8F54A5-13F4-46CA-BBAA-747986326610,https://www.boliga.dk//bbrinfo/6e8f54a5-13f4-46ca-bbaa-747986326610,"(55.70839574, 12.59807131)","Fortkaj 30, 2150 Nordhavn",0101,Egentlig beboelseslejlighed,Eget køkken med afløb,"Bolig i etageejendom, flerfamiliehus eller to-familiehus",Badeværelse i enheden,224, 2,224,Vandskyllende toilet i enheden,4, 3,400 V el fra værk
322," Helsinkigade 29, 15. tv 2150 Nordhavn ",29000000.0,2020-06-01, Handelstype Alm. frit salg,https://www.boliga.dk//salg/info/101/23315/8921F2B8-3E50-4CE7-94A7-F6E15003BDCB,https://www.boliga.dk//bbrinfo/8921f2b8-3e50-4ce7-94a7-f6e15003bdcb,"(55.70806117, 12.59788684)","Helsinkigade 29, 2150 Nordhavn",0101,Egentlig beboelseslejlighed,Eget køkken med afløb,"Bolig i etageejendom, flerfamiliehus eller to-familiehus",Badeværelse i enheden,264, 2,264,Vandskyllende toilet i enheden,5, 3,400 V el fra værk
323," Helsinkigade 29, 15. tv 2150 Nordhavn ",20330049.0,2017-07-02, Handelstype Alm. frit salg,https://www.boliga.dk//salg/info/101/23315/8921F2B8-3E50-4CE7-94A7-F6E15003BDCB,https://www.boliga.dk//bbrinfo/8921f2b8-3e50-4ce7-94a7-f6e15003bdcb,"(55.70806117, 12.59788684)","Helsinkigade 29, 2150 Nordhavn",0101,Egentlig beboelseslejlighed,Eget køkken med afløb,"Bolig i etageejendom, flerfamiliehus eller to-familiehus",Badeværelse i enheden,264, 2,264,Vandskyllende toilet i enheden,5, 3,400 V el fra værk
324," Helsinkigade 29, 15. th 2150 Nordhavn ",23000000.0,2020-05-01, Handelstype Alm. frit salg,https://www.boliga.dk//salg/info/101/23316/085C0FD7-9D4E-4E4A-AB5D-CC6394B2C687,https://www.boliga.dk//bbrinfo/085c0fd7-9d4e-4e4a-ab5d-cc6394b2c687,"(55.70806117, 12.59788684)","Helsinkigade 29, 2150 Nordhavn",0101,Egentlig beboelseslejlighed,Eget køkken med afløb,"Bolig i etageejendom, flerfamiliehus eller to-familiehus",Badeværelse i enheden,240, 2,240,Vandskyllende toilet i enheden,4, 3,400 V el fra værk
325," Sundkaj 93, 2. th 2150 Nordhavn ",5425000.0,2020-05-01, Handelstype Alm. frit salg,https://www.boliga.dk//salg/info/101/34075/CD4522E0-9DC6-4FE0-AC80-0BBB29BB822D,https://www.boliga.dk//bbrinfo/cd4522e0-9dc6-4fe0-ac80-0bbb29bb822d,"(55.7097779, 12.59860564)","Sundkaj 93, 1. th, 2150 Nordhavn",0101,Egentlig beboelseslejlighed,Eget køkken med afløb,"Bolig i etageejendom, flerfamiliehus eller to-familiehus",Badeværelse i enheden,98, 1,98,Vandskyllende toilet i enheden,4, 1,-
326," Sundkaj 93, 2. th 2150 Nordhavn ",4895000.0,2017-10-30, Handelstype Alm. frit salg,https://www.boliga.dk//salg/info/101/34075/CD4522E0-9DC6-4FE0-AC80-0BBB29BB822D,https://www.boliga.dk//bbrinfo/cd4522e0-9dc6-4fe0-ac80-0bbb29bb822d,"(55.7097779, 12.59860564)","Sundkaj 93, 1. th, 2150 Nordhavn",0101,Egentlig beboelseslejlighed,Eget køkken med afløb,"Bolig i etageejendom, flerfamiliehus eller to-familiehus",Badeværelse i enheden,98, 1,98,Vandskyllende toilet i enheden,4, 1,-
327," Helsinkigade 20, 7. 2 2150 Nordhavn ",8425000.0,2020-03-01, Handelstype Alm. frit salg,https://www.boliga.dk//salg/info/101/21631/09FE6469-7101-441D-AA07-82F583E9ECB4,https://www.boliga.dk//bbrinfo/09fe6469-7101-441d-aa07-82f583e9ecb4,"(55.70792825, 12.59733266)","Helsinkigade 20, 10., 2150 Nordhavn",0101,Egentlig beboelseslejlighed,Eget køkken med afløb,"Bolig i etageejendom, flerfamiliehus eller to-familiehus",Badeværelse i enheden,119, 1,119,Vandskyllende toilet i enheden,3, 2,-
328," Helsinkigade 20, 7. 2 2150 Nordhavn ",6647797.0,2015-03-08, Handelstype Alm. frit salg,https://www.boliga.dk//salg/info/101/21631/09FE6469-7101-441D-AA07-82F583E9ECB4,https://www.boliga.dk//bbrinfo/09fe6469-7101-441d-aa07-82f583e9ecb4,"(55.70792825, 12.59733266)","Helsinkigade 20, 10., 2150 Nordhavn",0101,Egentlig beboelseslejlighed,Eget køkken med afløb,"Bolig i etageejendom, flerfamiliehus eller to-familiehus",Badeværelse i enheden,119, 1,119,Vandskyllende toilet i enheden,3, 2,-
329," Sundkaj 89, 4. tv 2150 Nordhavn ",6250000.0,2020-02-01, Handelstype Alm. frit salg,https://www.boliga.dk//salg/info/101/34109/01B8B807-C630-45C8-917A-7F223E019BD8,https://www.boliga.dk//bbrinfo/01b8b807-c630-45c8-917a-7f223e019bd8,"(55.70966823, 12.598245)","Sundkaj 89, 1. th, 2150 Nordhavn",0101,Egentlig beboelseslejlighed,Eget køkken med afløb,"Bolig i etageejendom, flerfamiliehus eller to-familiehus",Badeværelse i enheden,96, 1,96,Vandskyllende toilet i enheden,4, 1,-
330," Sundkaj 89, 4. tv 2150 Nordhavn ",5295000.0,2017-04-01, Handelstype Alm. frit salg,https://www.boliga.dk//salg/info/101/34109/01B8B807-C630-45C8-917A-7F223E019BD8,https://www.boliga.dk//bbrinfo/01b8b807-c630-45c8-917a-7f223e019bd8,"(55.70966823, 12.598245)","Sundkaj 89, 1. th, 2150 Nordhavn",0101,Egentlig beboelseslejlighed,Eget køkken med afløb,"Bolig i etageejendom, flerfamiliehus eller to-familiehus",Badeværelse i enheden,96, 1,96,Vandskyllende toilet i enheden,4, 1,-
331," Helsinkigade 20, 2. 2 2150 Nordhavn ",10450000.0,2020-02-01, Handelstype Alm. frit salg,https://www.boliga.dk//salg/info/101/21611/66B6AD06-78E6-453B-A074-3FA8E642F385,https://www.boliga.dk//bbrinfo/66b6ad06-78e6-453b-a074-3fa8e642f385,"(55.70792825, 12.59733266)","Helsinkigade 20, 10., 2150 Nordhavn",0101,Egentlig beboelseslejlighed,Eget køkken med afløb,"Bolig i etageejendom, flerfamiliehus eller to-familiehus",Badeværelse i enheden,194, 2,194,Vandskyllende toilet i enheden,5, 2,-
332," Helsinkigade 20, 2. 2 2150 Nordhavn ",7273459.0,2014-09-05, Handelstype Alm. frit salg,https://www.boliga.dk//salg/info/101/21611/66B6AD06-78E6-453B-A074-3FA8E642F385,https://www.boliga.dk//bbrinfo/66b6ad06-78e6-453b-a074-3fa8e642f385,"(55.70792825, 12.59733266)","Helsinkigade 20, 10., 2150 Nordhavn",0101,Egentlig beboelseslejlighed,Eget køkken med afløb,"Bolig i etageejendom, flerfamiliehus eller to-familiehus",Badeværelse i enheden,194, 2,194,Vandskyllende toilet i enheden,5, 2,-
333, Sundkaj 23 2150 Nordhavn ,8000000.0,2020-11-08, Handelstype Alm. frit salg,https://www.boliga.dk//salg/info/101/33625/A06644B8-55F3-4963-AC62-46D8D1438456,https://www.boliga.dk//bbrinfo/a06644b8-55f3-4963-ac62-46d8d1438456,"(55.71061561, 12.5956305)","Sundkaj 23, 2150 Nordhavn",0101,Egentlig beboelseslejlighed,Eget køkken med afløb,"Række-, kæde- og klyngehus",Badeværelse i enheden,161, 2,161,Vandskyllende toilet i enheden,5, 3,-
334," Helsinkigade 23, st. tv 2150 Nordhavn ",4565000.0,2020-11-08, Handelstype Alm. frit salg,https://www.boliga.dk//salg/info/101/18760/0D96A8C1-DD39-4459-8A68-8E47C0346104,https://www.boliga.dk//bbrinfo/0d96a8c1-dd39-4459-8a68-8e47c0346104,"(55.70829786, 12.59659491)","Helsinkigade 23, 1. th, 2150 Nordhavn",0101,Egentlig beboelseslejlighed,Eget køkken med afløb,"Bolig i etageejendom, flerfamiliehus eller to-familiehus",Badeværelse i enheden,93, 1,93,Vandskyllende toilet i enheden,4, 1,-
335," Helsinkigade 23, st. tv 2150 Nordhavn ",2695000.0,2014-06-01, Handelstype Alm. frit salg,https://www.boliga.dk//salg/info/101/18760/0D96A8C1-DD39-4459-8A68-8E47C0346104,https://www.boliga.dk//bbrinfo/0d96a8c1-dd39-4459-8a68-8e47c0346104,"(55.70829786, 12.59659491)","Helsinkigade 23, 1. th, 2150 Nordhavn",0101,Egentlig beboelseslejlighed,Eget køkken med afløb,"Bolig i etageejendom, flerfamiliehus eller to-familiehus",Badeværelse i enheden,93, 1,93,Vandskyllende toilet i enheden,4, 1,-
336," Sundkaj 39, 5. tv 2150 Nordhavn ",9000000.0,2020-11-03, Handelstype Alm. frit salg,https://www.boliga.dk//salg/info/101/40015/D5823FFF-EF7E-4F5D-8AB0-ACCD6CEFE570,https://www.boliga.dk//bbrinfo/d5823fff-ef7e-4f5d-8ab0-accd6cefe570,"(55.71035998, 12.59583756)","Sundkaj 39, 1. th, 2150 Nordhavn",0101,Egentlig beboelseslejlighed,Eget køkken med afløb,"Bolig i etageejendom, flerfamiliehus eller to-familiehus",Badeværelse i enheden,181, 1,181,Vandskyllende toilet i enheden,4, 2,-
337," Göteborg Plads 12, 5. tv 2150 Nordhavn ",6670000.0,2020-10-30, Handelstype Alm. frit salg,https://www.boliga.dk//salg/info/101/17644/3DE75B84-8797-4673-80DE-6EF299BB3A44,https://www.boliga.dk//bbrinfo/3de75b84-8797-4673-80de-6ef299bb3a44,"(55.70708275, 12.59770637)","Göteborg Plads 12, 1. mf, 2150 Nordhavn",0101,Egentlig beboelseslejlighed,Eget køkken med afløb,"Bolig i etageejendom, flerfamiliehus eller to-familiehus",Badeværelse i enheden,131, 1,131,Vandskyllende toilet i enheden,4, 1,400 V el fra værk
338," Göteborg Plads 12, 5. tv 2150 Nordhavn ",5250000.0,2015-01-30, Handelstype Alm. frit salg,https://www.boliga.dk//salg/info/101/17644/3DE75B84-8797-4673-80DE-6EF299BB3A44,https://www.boliga.dk//bbrinfo/3de75b84-8797-4673-80de-6ef299bb3a44,"(55.70708275, 12.59770637)","Göteborg Plads 12, 1. mf, 2150 Nordhavn",0101,Egentlig beboelseslejlighed,Eget køkken med afløb,"Bolig i etageejendom, flerfamiliehus eller to-familiehus",Badeværelse i enheden,131, 1,131,Vandskyllende toilet i enheden,4, 1,400 V el fra værk
339," Sundkaj 109, 1. th 2150 Nordhavn ",5745000.0,2020-08-02, Handelstype Alm. frit salg,https://www.boliga.dk//salg/info/101/40859/71E3EE33-7858-4CE2-A1A1-B92939C4E362,https://www.boliga.dk//bbrinfo/71e3ee33-7858-4ce2-a1a1-b92939c4e362,"(55.70971898, 12.59950214)","Sundkaj 109, 1. mf, 2150 Nordhavn",0101,Egentlig beboelseslejlighed,Eget køkken med afløb,"Bolig i etageejendom, flerfamiliehus eller to-familiehus",Badeværelse i enheden,94, 1,94,Vandskyllende toilet i enheden,3, 1,-
340," Sundkaj 115, st. th 2150 Nordhavn ",5995000.0,2020-07-02, Handelstype Alm. frit salg,https://www.boliga.dk//salg/info/101/40900/432D3F04-6E2D-49D4-8382-4D3AFFB4333C,https://www.boliga.dk//bbrinfo/432d3f04-6e2d-49d4-8382-4d3affb4333c,"(55.70953913, 12.59933107)","Sundkaj 115, 1. th, 2150 Nordhavn",0101,Egentlig beboelseslejlighed,Eget køkken med afløb,"Bolig i etageejendom, flerfamiliehus eller to-familiehus",Badeværelse i enheden,89, 1,89,Vandskyllende toilet i enheden,3, 1,-
341," Sundkaj 85, 1. mf 2150 Nordhavn ",3650000.0,2020-03-02, Handelstype Alm. frit salg,https://www.boliga.dk//salg/info/101/34159/FCB5F2D1-5246-4BE4-A910-DC89C7014201,https://www.boliga.dk//bbrinfo/fcb5f2d1-5246-4be4-a910-dc89c7014201,"(55.70997625, 12.59869483)","Sundkaj 85, 1. mf, 2150 Nordhavn",0101,Egentlig beboelseslejlighed,Eget køkken med afløb,"Bolig i etageejendom, flerfamiliehus eller to-familiehus",Badeværelse i enheden,70, 1,70,Vandskyllende toilet i enheden,2, 1,-
342," Sundkaj 85, 1. mf 2150 Nordhavn ",3295000.0,2017-12-07, Handelstype Alm. frit salg,https://www.boliga.dk//salg/info/101/34159/FCB5F2D1-5246-4BE4-A910-DC89C7014201,https://www.boliga.dk//bbrinfo/fcb5f2d1-5246-4be4-a910-dc89c7014201,"(55.70997625, 12.59869483)","Sundkaj 85, 1. mf, 2150 Nordhavn",0101,Egentlig beboelseslejlighed,Eget køkken med afløb,"Bolig i etageejendom, flerfamiliehus eller to-familiehus",Badeværelse i enheden,70, 1,70,Vandskyllende toilet i enheden,2, 1,-
343," Fortkaj 22, 1. tv 2150 Nordhavn ",5136000.0,2020-03-02, Handelstype Alm. frit salg,https://www.boliga.dk//salg/info/101/18694/0E17A128-F1EA-45C2-A259-EA8A5FF5A7E5,https://www.boliga.dk//bbrinfo/0e17a128-f1ea-45c2-a259-ea8a5ff5a7e5,"(55.70860402, 12.59680096)","Fortkaj 22, 1. th, 2150 Nordhavn",0101,Egentlig beboelseslejlighed,Eget køkken med afløb,"Bolig i etageejendom, flerfamiliehus eller to-familiehus",Badeværelse i enheden,94, 1,94,Vandskyllende toilet i enheden,3, 1,-
344," Fortkaj 22, 1. tv 2150 Nordhavn ",3995000.0,2014-11-06, Handelstype Alm. frit salg,https://www.boliga.dk//salg/info/101/18694/0E17A128-F1EA-45C2-A259-EA8A5FF5A7E5,https://www.boliga.dk//bbrinfo/0e17a128-f1ea-45c2-a259-ea8a5ff5a7e5,"(55.70860402, 12.59680096)","Fortkaj 22, 1. th, 2150 Nordhavn",0101,Egentlig beboelseslejlighed,Eget køkken med afløb,"Bolig i etageejendom, flerfamiliehus eller to-familiehus",Badeværelse i enheden,94, 1,94,Vandskyllende toilet i enheden,3, 1,-
345," Sundkaj 91, st. mf 2150 Nordhavn ",5300000.0,2020-03-01, Handelstype Alm. frit salg,https://www.boliga.dk//salg/info/101/34081/32CC8082-0813-4073-A51B-C38B3DD71CB1,https://www.boliga.dk//bbrinfo/32cc8082-0813-4073-a51b-c38b3dd71cb1,"(55.70966782, 12.5985478)","Sundkaj 91, 1. mf, 2150 Nordhavn",0101,Egentlig beboelseslejlighed,Eget køkken med afløb,"Bolig i etageejendom, flerfamiliehus eller to-familiehus",Badeværelse i enheden,86, 1,86,Vandskyllende toilet i enheden,3, 1,-
346," Sundkaj 91, st. mf 2150 Nordhavn ",4195000.0,2017-11-03, Handelstype Alm. frit salg,https://www.boliga.dk//salg/info/101/34081/32CC8082-0813-4073-A51B-C38B3DD71CB1,https://www.boliga.dk//bbrinfo/32cc8082-0813-4073-a51b-c38b3dd71cb1,"(55.70966782, 12.5985478)","Sundkaj 91, 1. mf, 2150 Nordhavn",0101,Egentlig beboelseslejlighed,Eget køkken med afløb,"Bolig i etageejendom, flerfamiliehus eller to-familiehus",Badeværelse i enheden,86, 1,86,Vandskyllende toilet i enheden,3, 1,-
347," Sundkaj 1, 2. tv 2150 Nordhavn ",5600000.0,2020-03-01, Handelstype Alm. frit salg,https://www.boliga.dk//salg/info/101/33560/811A19CF-CBAB-4581-B366-291C6F23391F,https://www.boliga.dk//bbrinfo/811a19cf-cbab-4581-b366-291c6f23391f,"(55.71043548, 12.59549773)","Sundkaj 1, 2150 Nordhavn",0101,Egentlig beboelseslejlighed,Eget køkken med afløb,"Bolig i etageejendom, flerfamiliehus eller to-familiehus",Badeværelse i enheden,109, 1,109,Vandskyllende toilet i enheden,4, 2,-
348," Sundkaj 1, 2. tv 2150 Nordhavn ",4885636.0,2017-02-07, Handelstype Alm. frit salg,https://www.boliga.dk//salg/info/101/33560/811A19CF-CBAB-4581-B366-291C6F23391F,https://www.boliga.dk//bbrinfo/811a19cf-cbab-4581-b366-291c6f23391f,"(55.71043548, 12.59549773)","Sundkaj 1, 2150 Nordhavn",0101,Egentlig beboelseslejlighed,Eget køkken med afløb,"Bolig i etageejendom, flerfamiliehus eller to-familiehus",Badeværelse i enheden,109, 1,109,Vandskyllende toilet i enheden,4, 2,-
349," Sundkaj 73, st. tv 2150 Nordhavn ",3325000.0,2020-01-01, Handelstype Alm. frit salg,https://www.boliga.dk//salg/info/101/27092/E3D4CC0C-A679-4635-A1ED-0493BA2D7C50,https://www.boliga.dk//bbrinfo/e3d4cc0c-a679-4635-a1ed-0493ba2d7c50,"(55.7099848, 12.59770868)","Sundkaj 73, 1. th, 2150 Nordhavn",0101,Egentlig beboelseslejlighed,Eget køkken med afløb,"Bolig i etageejendom, flerfamiliehus eller to-familiehus",Badeværelse i enheden,69, 1,69,Vandskyllende toilet i enheden,2, 1,400 V el fra værk
350," Sundkaj 73, st. tv 2150 Nordhavn ",3200000.0,2018-01-02, Handelstype Alm. frit salg,https://www.boliga.dk//salg/info/101/27092/E3D4CC0C-A679-4635-A1ED-0493BA2D7C50,https://www.boliga.dk//bbrinfo/e3d4cc0c-a679-4635-a1ed-0493ba2d7c50,"(55.7099848, 12.59770868)","Sundkaj 73, 1. th, 2150 Nordhavn",0101,Egentlig beboelseslejlighed,Eget køkken med afløb,"Bolig i etageejendom, flerfamiliehus eller to-familiehus",Badeværelse i enheden,69, 1,69,Vandskyllende toilet i enheden,2, 1,400 V el fra værk
351," Sundkaj 73, st. tv 2150 Nordhavn ",2014486.0,2016-03-01, Handelstype Alm. frit salg,https://www.boliga.dk//salg/info/101/27092/E3D4CC0C-A679-4635-A1ED-0493BA2D7C50,https://www.boliga.dk//bbrinfo/e3d4cc0c-a679-4635-a1ed-0493ba2d7c50,"(55.7099848, 12.59770868)","Sundkaj 73, 1. th, 2150 Nordhavn",0101,Egentlig beboelseslejlighed,Eget køkken med afløb,"Bolig i etageejendom, flerfamiliehus eller to-familiehus",Badeværelse i enheden,69, 1,69,Vandskyllende toilet i enheden,2, 1,400 V el fra værk
352," Sundkaj 89, 2. th 2150 Nordhavn ",5483500.0,2020-10-09, Handelstype Alm. frit salg,https://www.boliga.dk//salg/info/101/34104/CC027AE3-996D-4E12-BDD1-32C7E5A6BCA3,https://www.boliga.dk//bbrinfo/cc027ae3-996d-4e12-bdd1-32c7e5a6bca3,"(55.70966823, 12.598245)","Sundkaj 89, 1. th, 2150 Nordhavn",0101,Egentlig beboelseslejlighed,Eget køkken med afløb,"Bolig i etageejendom, flerfamiliehus eller to-familiehus",Badeværelse i enheden,92, 1,92,Vandskyllende toilet i enheden,4, 1,-
353," Sundkaj 89, 2. th 2150 Nordhavn ",4995000.0,2017-09-02, Handelstype Alm. frit salg,https://www.boliga.dk//salg/info/101/34104/CC027AE3-996D-4E12-BDD1-32C7E5A6BCA3,https://www.boliga.dk//bbrinfo/cc027ae3-996d-4e12-bdd1-32c7e5a6bca3,"(55.70966823, 12.598245)","Sundkaj 89, 1. th, 2150 Nordhavn",0101,Egentlig beboelseslejlighed,Eget køkken med afløb,"Bolig i etageejendom, flerfamiliehus eller to-familiehus",Badeværelse i enheden,92, 1,92,Vandskyllende toilet i enheden,4, 1,-
354," Billedvej 6, 2. 3 2150 Nordhavn ",2425000.0,2020-10-09, Handelstype Alm. frit salg,https://www.boliga.dk//salg/info/101/39326/E2790FB5-4908-41E7-9935-3713D95991EA,https://www.boliga.dk//bbrinfo/e2790fb5-4908-41e7-9935-3713d95991ea,"(55.70715049, 12.59435588)","Billedvej 6, 2150 Nordhavn",0101,Egentlig beboelseslejlighed,Eget køkken med afløb,"Bolig i etageejendom, flerfamiliehus eller to-familiehus",Badeværelse i enheden,93, 1,93,Vandskyllende toilet i enheden,3, 1,-
355," Billedvej 6, 2. 3 2150 Nordhavn ",4589220.0,2017-11-06, Handelstype Alm. frit salg,https://www.boliga.dk//salg/info/101/39326/E2790FB5-4908-41E7-9935-3713D95991EA,https://www.boliga.dk//bbrinfo/e2790fb5-4908-41e7-9935-3713d95991ea,"(55.70715049, 12.59435588)","Billedvej 6, 2150 Nordhavn",0101,Egentlig beboelseslejlighed,Eget køkken med afløb,"Bolig i etageejendom, flerfamiliehus eller to-familiehus",Badeværelse i enheden,93, 1,93,Vandskyllende toilet i enheden,3, 1,-
356," Sundkaj 109, st. tv 2150 Nordhavn ",5895000.0,2020-10-08, Handelstype Alm. frit salg,https://www.boliga.dk//salg/info/101/40853/F7B4537B-B226-4D65-B933-8DFF3BE70868,https://www.boliga.dk//bbrinfo/f7b4537b-b226-4d65-b933-8dff3be70868,"(55.70971898, 12.59950214)","Sundkaj 109, 1. mf, 2150 Nordhavn",0101,Egentlig beboelseslejlighed,Eget køkken med afløb,"Bolig i etageejendom, flerfamiliehus eller to-familiehus",Badeværelse i enheden,95, 1,95,Vandskyllende toilet i enheden,3, 1,-
357," Sundkaj 109, 1. tv 2150 Nordhavn ",5745000.0,2020-10-08, Handelstype Alm. frit salg,https://www.boliga.dk//salg/info/101/40857/7D2FC575-5F42-4727-B4D7-55A660042FDF,https://www.boliga.dk//bbrinfo/7d2fc575-5f42-4727-b4d7-55a660042fdf,"(55.70971898, 12.59950214)","Sundkaj 109, 1. mf, 2150 Nordhavn",0101,Egentlig beboelseslejlighed,Eget køkken med afløb,"Bolig i etageejendom, flerfamiliehus eller to-familiehus",Badeværelse i enheden,94, 1,94,Vandskyllende toilet i enheden,3, 1,-
358," Helsinkigade 20, 5. 3 2150 Nordhavn ",5560000.0,2020-10-08, Handelstype Alm. frit salg,https://www.boliga.dk//salg/info/101/21623/003D1EEC-1355-4C9B-95E2-08BAA299BCB0,https://www.boliga.dk//bbrinfo/003d1eec-1355-4c9b-95e2-08baa299bcb0,"(55.70792825, 12.59733266)","Helsinkigade 20, 10., 2150 Nordhavn",0101,Egentlig beboelseslejlighed,Eget køkken med afløb,"Bolig i etageejendom, flerfamiliehus eller to-familiehus",Badeværelse i enheden,90, 1,90,Vandskyllende toilet i enheden,2, 1,-
359," Helsinkigade 20, 5. 3 2150 Nordhavn ",4300000.0,2017-04-04, Handelstype Alm. frit salg,https://www.boliga.dk//salg/info/101/21623/003D1EEC-1355-4C9B-95E2-08BAA299BCB0,https://www.boliga.dk//bbrinfo/003d1eec-1355-4c9b-95e2-08baa299bcb0,"(55.70792825, 12.59733266)","Helsinkigade 20, 10., 2150 Nordhavn",0101,Egentlig beboelseslejlighed,Eget køkken med afløb,"Bolig i etageejendom, flerfamiliehus eller to-familiehus",Badeværelse i enheden,90, 1,90,Vandskyllende toilet i enheden,2, 1,-
360," Helsinkigade 20, 5. 3 2150 Nordhavn ",3548585.0,2014-09-05, Handelstype Alm. frit salg,https://www.boliga.dk//salg/info/101/21623/003D1EEC-1355-4C9B-95E2-08BAA299BCB0,https://www.boliga.dk//bbrinfo/003d1eec-1355-4c9b-95e2-08baa299bcb0,"(55.70792825, 12.59733266)","Helsinkigade 20, 10., 2150 Nordhavn",0101,Egentlig beboelseslejlighed,Eget køkken med afløb,"Bolig i etageejendom, flerfamiliehus eller to-familiehus",Badeværelse i enheden,90, 1,90,Vandskyllende toilet i enheden,2, 1,-
361," Fortkaj 22, 1. th 2150 Nordhavn ",5000000.0,2020-10-05, Handelstype Alm. frit salg,https://www.boliga.dk//salg/info/101/18696/2A25CCE7-B85A-4DF4-8430-11A3B2FE1E94,https://www.boliga.dk//bbrinfo/2a25cce7-b85a-4df4-8430-11a3b2fe1e94,"(55.70860402, 12.59680096)","Fortkaj 22, 1. th, 2150 Nordhavn",0101,Egentlig beboelseslejlighed,Eget køkken med afløb,"Bolig i etageejendom, flerfamiliehus eller to-familiehus",Badeværelse i enheden,97, 1,97,Vandskyllende toilet i enheden,3, 1,-
362," Fortkaj 22, 1. th 2150 Nordhavn ",3995000.0,2015-02-02, Handelstype Alm. frit salg,https://www.boliga.dk//salg/info/101/18696/2A25CCE7-B85A-4DF4-8430-11A3B2FE1E94,https://www.boliga.dk//bbrinfo/2a25cce7-b85a-4df4-8430-11a3b2fe1e94,"(55.70860402, 12.59680096)","Fortkaj 22, 1. th, 2150 Nordhavn",0101,Egentlig beboelseslejlighed,Eget køkken med afløb,"Bolig i etageejendom, flerfamiliehus eller to-familiehus",Badeværelse i enheden,97, 1,97,Vandskyllende toilet i enheden,3, 1,-
363," Sundkaj 91, 5. th 2150 Nordhavn ",9300000.0,2020-09-30, Handelstype Alm. frit salg,https://www.boliga.dk//salg/info/101/34096/7D235736-DE3F-4AC5-A5D3-0F122D5F113B,https://www.boliga.dk//bbrinfo/7d235736-de3f-4ac5-a5d3-0f122d5f113b,"(55.70966782, 12.5985478)","Sundkaj 91, 1. mf, 2150 Nordhavn",0101,Egentlig beboelseslejlighed,Eget køkken med afløb,"Bolig i etageejendom, flerfamiliehus eller to-familiehus",Badeværelse i enheden,129, 1,129,Vandskyllende toilet i enheden,3, 1,-
364," Sundkaj 91, 5. th 2150 Nordhavn ",8995000.0,2017-06-01, Handelstype Alm. frit salg,https://www.boliga.dk//salg/info/101/34096/7D235736-DE3F-4AC5-A5D3-0F122D5F113B,https://www.boliga.dk//bbrinfo/7d235736-de3f-4ac5-a5d3-0f122d5f113b,"(55.70966782, 12.5985478)","Sundkaj 91, 1. mf, 2150 Nordhavn",0101,Egentlig beboelseslejlighed,Eget køkken med afløb,"Bolig i etageejendom, flerfamiliehus eller to-familiehus",Badeværelse i enheden,129, 1,129,Vandskyllende toilet i enheden,3, 1,-
365," Trelleborggade 2, 5. th 2150 Nordhavn ",6250000.0,2020-09-02, Handelstype Alm. frit salg,https://www.boliga.dk//salg/info/101/18832/19FE13BA-30A3-4937-B121-CE5E916CB0A6,https://www.boliga.dk//bbrinfo/19fe13ba-30a3-4937-b121-ce5e916cb0a6,"(55.70624485, 12.59183821)","Trelleborggade 2, 2. mf, 2150 Nordhavn",0101,Egentlig beboelseslejlighed,Eget køkken med afløb,"Bolig i etageejendom, flerfamiliehus eller to-familiehus",Badeværelse i enheden,106, 1,106,Vandskyllende toilet i enheden,4, 1,-
366," Trelleborggade 2, 5. th 2150 Nordhavn ",5250000.0,2016-09-01, Handelstype Alm. frit salg,https://www.boliga.dk//salg/info/101/18832/19FE13BA-30A3-4937-B121-CE5E916CB0A6,https://www.boliga.dk//bbrinfo/19fe13ba-30a3-4937-b121-ce5e916cb0a6,"(55.70624485, 12.59183821)","Trelleborggade 2, 2. mf, 2150 Nordhavn",0101,Egentlig beboelseslejlighed,Eget køkken med afløb,"Bolig i etageejendom, flerfamiliehus eller to-familiehus",Badeværelse i enheden,106, 1,106,Vandskyllende toilet i enheden,4, 1,-
367," Sundkaj 35, 2. th 2150 Nordhavn ",4595000.0,2020-03-02, Handelstype Salg i øvrigt,https://www.boliga.dk//salg/info/101/39977/1D7DAEEA-7B87-4E65-BE5E-977F3C30F6EE,https://www.boliga.dk//bbrinfo/1d7daeea-7b87-4e65-be5e-977f3c30f6ee,"(55.71027646, 12.59630391)","Sundkaj 35, 1. mf, 2150 Nordhavn",0101,Egentlig beboelseslejlighed,Eget køkken med afløb,"Bolig i etageejendom, flerfamiliehus eller to-familiehus",Badeværelse i enheden,81, 1,81,Vandskyllende toilet i enheden,3, 1,-
368," Sundkaj 35, 2. th 2150 Nordhavn ",4595000.0,2018-08-02, Handelstype Alm. frit salg,https://www.boliga.dk//salg/info/101/39977/1D7DAEEA-7B87-4E65-BE5E-977F3C30F6EE,https://www.boliga.dk//bbrinfo/1d7daeea-7b87-4e65-be5e-977f3c30f6ee,"(55.71027646, 12.59630391)","Sundkaj 35, 1. mf, 2150 Nordhavn",0101,Egentlig beboelseslejlighed,Eget køkken med afløb,"Bolig i etageejendom, flerfamiliehus eller to-familiehus",Badeværelse i enheden,81, 1,81,Vandskyllende toilet i enheden,3, 1,-
369," Dover Passage 2, 1. th 2150 Nordhavn ",6150000.0,2020-02-02, Handelstype Alm. frit salg,https://www.boliga.dk//salg/info/101/18737/E23F43D9-41D8-4BE2-A5FC-4CF2FBB2FF88,https://www.boliga.dk//bbrinfo/e23f43d9-41d8-4be2-a5fc-4cf2fbb2ff88,"(55.70849348, 12.59608751)","Dover Passage 2, 2. th, 2150 Nordhavn",0101,Egentlig beboelseslejlighed,Eget køkken med afløb,"Bolig i etageejendom, flerfamiliehus eller to-familiehus",Badeværelse i enheden,130, 1,130,Vandskyllende toilet i enheden,4, 1,-
370," Dover Passage 2, 1. th 2150 Nordhavn ",4395000.0,2014-01-01, Handelstype Alm. frit salg,https://www.boliga.dk//salg/info/101/18737/E23F43D9-41D8-4BE2-A5FC-4CF2FBB2FF88,https://www.boliga.dk//bbrinfo/e23f43d9-41d8-4be2-a5fc-4cf2fbb2ff88,"(55.70849348, 12.59608751)","Dover Passage 2, 2. th, 2150 Nordhavn",0101,Egentlig beboelseslejlighed,Eget køkken med afløb,"Bolig i etageejendom, flerfamiliehus eller to-familiehus",Badeværelse i enheden,130, 1,130,Vandskyllende toilet i enheden,4, 1,-
371," Sundkaj 81, st. th 2150 Nordhavn ",3870000.0,2020-02-02, Handelstype Alm. frit salg,https://www.boliga.dk//salg/info/101/34137/76495374-CD06-4B27-A28A-6C764DED3D61,https://www.boliga.dk//bbrinfo/76495374-cd06-4b27-a28a-6c764ded3d61,"(55.71000257, 12.59811116)","Sundkaj 81, 1. th, 2150 Nordhavn",0101,Egentlig beboelseslejlighed,Eget køkken med afløb,"Bolig i etageejendom, flerfamiliehus eller to-familiehus",Badeværelse i enheden,73, 1,73,Vandskyllende toilet i enheden,3, 1,-
372," Sundkaj 81, st. th 2150 Nordhavn ",3495000.0,2018-02-01, Handelstype Alm. frit salg,https://www.boliga.dk//salg/info/101/34137/76495374-CD06-4B27-A28A-6C764DED3D61,https://www.boliga.dk//bbrinfo/76495374-cd06-4b27-a28a-6c764ded3d61,"(55.71000257, 12.59811116)","Sundkaj 81, 1. th, 2150 Nordhavn",0101,Egentlig beboelseslejlighed,Eget køkken med afløb,"Bolig i etageejendom, flerfamiliehus eller to-familiehus",Badeværelse i enheden,73, 1,73,Vandskyllende toilet i enheden,3, 1,-
373," Trelleborggade 16, st. tv 2150 Nordhavn ",3250000.0,2020-02-02, Handelstype Alm. frit salg,https://www.boliga.dk//salg/info/101/21410/6028A3A3-B1E7-4A13-AA41-896C5741487E,https://www.boliga.dk//bbrinfo/6028a3a3-b1e7-4a13-aa41-896c5741487e,"(55.70663372, 12.59374543)","Trelleborggade 16, 1. th, 2150 Nordhavn",0101,Egentlig beboelseslejlighed,Eget køkken med afløb,"Bolig i etageejendom, flerfamiliehus eller to-familiehus",Badeværelse i enheden,54, 1,54,Vandskyllende toilet i enheden,2, 1,-
374," Trelleborggade 16, st. tv 2150 Nordhavn ",2395000.0,2015-04-30, Handelstype Alm. frit salg,https://www.boliga.dk//salg/info/101/21410/6028A3A3-B1E7-4A13-AA41-896C5741487E,https://www.boliga.dk//bbrinfo/6028a3a3-b1e7-4a13-aa41-896c5741487e,"(55.70663372, 12.59374543)","Trelleborggade 16, 1. th, 2150 Nordhavn",0101,Egentlig beboelseslejlighed,Eget køkken med afløb,"Bolig i etageejendom, flerfamiliehus eller to-familiehus",Badeværelse i enheden,54, 1,54,Vandskyllende toilet i enheden,2, 1,-
375," Fortkaj 30, 2. tv 2150 Nordhavn ",8900000.0,2020-09-01, Handelstype Alm. frit salg,https://www.boliga.dk//salg/info/101/23276/4545E77C-8D4A-4369-8163-14B5403B48DE,https://www.boliga.dk//bbrinfo/4545e77c-8d4a-4369-8163-14b5403b48de,"(55.70839574, 12.59807131)","Fortkaj 30, 2150 Nordhavn",0101,Egentlig beboelseslejlighed,Eget køkken med afløb,"Bolig i etageejendom, flerfamiliehus eller to-familiehus",Badeværelse i enheden,208, 3,208,Vandskyllende toilet i enheden,4, 4,400 V el fra værk
376," Fortkaj 30, 2. tv 2150 Nordhavn ",8100000.0,2018-05-02, Handelstype Alm. frit salg,https://www.boliga.dk//salg/info/101/23276/4545E77C-8D4A-4369-8163-14B5403B48DE,https://www.boliga.dk//bbrinfo/4545e77c-8d4a-4369-8163-14b5403b48de,"(55.70839574, 12.59807131)","Fortkaj 30, 2150 Nordhavn",0101,Egentlig beboelseslejlighed,Eget køkken med afløb,"Bolig i etageejendom, flerfamiliehus eller to-familiehus",Badeværelse i enheden,208, 3,208,Vandskyllende toilet i enheden,4, 4,400 V el fra værk
377," Fortkaj 30, 2. tv 2150 Nordhavn ",7053810.0,2017-03-02, Handelstype Alm. frit salg,https://www.boliga.dk//salg/info/101/23276/4545E77C-8D4A-4369-8163-14B5403B48DE,https://www.boliga.dk//bbrinfo/4545e77c-8d4a-4369-8163-14b5403b48de,"(55.70839574, 12.59807131)","Fortkaj 30, 2150 Nordhavn",0101,Egentlig beboelseslejlighed,Eget køkken med afløb,"Bolig i etageejendom, flerfamiliehus eller to-familiehus",Badeværelse i enheden,208, 3,208,Vandskyllende toilet i enheden,4, 4,400 V el fra værk
378," Århusgade 140, 2. th 2150 Nordhavn ",3945000.0,2020-05-01, Handelstype Alm. frit salg,https://www.boliga.dk//salg/info/101/16531/E3527C1E-D448-4FC6-892E-7AECB335A9B2,https://www.boliga.dk//bbrinfo/e3527c1e-d448-4fc6-892e-7aecb335a9b2,"(55.70763799, 12.59589417)","Århusgade 140, 1. th, 2150 Nordhavn",0101,Egentlig beboelseslejlighed,Eget køkken med afløb,"Bolig i etageejendom, flerfamiliehus eller to-familiehus",Badeværelse i enheden,85, 1,85,Vandskyllende toilet i enheden,2, 1,-
379," Århusgade 140, 2. th 2150 Nordhavn ",2733062.0,2014-03-01, Handelstype Alm. frit salg,https://www.boliga.dk//salg/info/101/16531/E3527C1E-D448-4FC6-892E-7AECB335A9B2,https://www.boliga.dk//bbrinfo/e3527c1e-d448-4fc6-892e-7aecb335a9b2,"(55.70763799, 12.59589417)","Århusgade 140, 1. th, 2150 Nordhavn",0101,Egentlig beboelseslejlighed,Eget køkken med afløb,"Bolig i etageejendom, flerfamiliehus eller to-familiehus",Badeværelse i enheden,85, 1,85,Vandskyllende toilet i enheden,2, 1,-
380," Sundkaj 115, st. tv 2150 Nordhavn ",5295000.0,2020-04-01, Handelstype Alm. frit salg,https://www.boliga.dk//salg/info/101/40899/DA3C75BD-303C-4C3D-ADC9-D6E7CCE2806E,https://www.boliga.dk//bbrinfo/da3c75bd-303c-4c3d-adc9-d6e7cce2806e,"(55.70953913, 12.59933107)","Sundkaj 115, 1. th, 2150 Nordhavn",0101,Egentlig beboelseslejlighed,Eget køkken med afløb,"Bolig i etageejendom, flerfamiliehus eller to-familiehus",Badeværelse i enheden,85, 1,85,Vandskyllende toilet i enheden,3, 1,-
381," Sundkaj 115, st. tv 2150 Nordhavn ",1400000.0,2009-01-02, Handelstype Alm. frit salg,https://www.boliga.dk//salg/info/101/40899/DA3C75BD-303C-4C3D-ADC9-D6E7CCE2806E,https://www.boliga.dk//bbrinfo/da3c75bd-303c-4c3d-adc9-d6e7cce2806e,"(55.70953913, 12.59933107)","Sundkaj 115, 1. th, 2150 Nordhavn",0101,Egentlig beboelseslejlighed,Eget køkken med afløb,"Bolig i etageejendom, flerfamiliehus eller to-familiehus",Badeværelse i enheden,85, 1,85,Vandskyllende toilet i enheden,3, 1,-
382," Sundkaj 109, 2. th 2150 Nordhavn ",9675000.0,2020-04-01, Handelstype Alm. frit salg,https://www.boliga.dk//salg/info/101/40862/3E4FC306-B606-4FCB-98C5-704C195E69E0,https://www.boliga.dk//bbrinfo/3e4fc306-b606-4fcb-98c5-704c195e69e0,"(55.70971898, 12.59950214)","Sundkaj 109, 1. mf, 2150 Nordhavn",0101,Egentlig beboelseslejlighed,Eget køkken med afløb,"Bolig i etageejendom, flerfamiliehus eller to-familiehus",Badeværelse i enheden,147, 1,147,Vandskyllende toilet i enheden,4, 1,-
383," Sundkaj 101, 2. th 2150 Nordhavn ",4895000.0,2020-04-01, Handelstype Alm. frit salg,https://www.boliga.dk//salg/info/101/40868/9CD52D6B-9518-4A8D-9765-BCF578524D93,https://www.boliga.dk//bbrinfo/9cd52d6b-9518-4a8d-9765-bcf578524d93,"(55.70975964, 12.5988779)","Sundkaj 101, 4., 2150 Nordhavn",0101,Egentlig beboelseslejlighed,Eget køkken med afløb,"Bolig i etageejendom, flerfamiliehus eller to-familiehus",Badeværelse i enheden,92, 1,92,Vandskyllende toilet i enheden,3, 1,-
384," Århusgade 131A, 3. tv 2150 Nordhavn ",4000000.0,2020-09-10, Handelstype Alm. frit salg,https://www.boliga.dk//salg/info/101/19602/3BFD8A8C-BB82-4255-8C2C-1F957E3351ED,https://www.boliga.dk//bbrinfo/3bfd8a8c-bb82-4255-8c2c-1f957e3351ed,"(55.70773906, 12.59402888)","Århusgade 131A, 1. mf, 2150 Nordhavn",0101,Egentlig beboelseslejlighed,Eget køkken med afløb,"Bolig i etageejendom, flerfamiliehus eller to-familiehus",Badeværelse i enheden,69, 1,69,Vandskyllende toilet i enheden,2, 1,230 V el fra værk
385," Århusgade 131A, 3. tv 2150 Nordhavn ",3720000.0,2017-11-01, Handelstype Alm. frit salg,https://www.boliga.dk//salg/info/101/19602/3BFD8A8C-BB82-4255-8C2C-1F957E3351ED,https://www.boliga.dk//bbrinfo/3bfd8a8c-bb82-4255-8c2c-1f957e3351ed,"(55.70773906, 12.59402888)","Århusgade 131A, 1. mf, 2150 Nordhavn",0101,Egentlig beboelseslejlighed,Eget køkken med afløb,"Bolig i etageejendom, flerfamiliehus eller to-familiehus",Badeværelse i enheden,69, 1,69,Vandskyllende toilet i enheden,2, 1,230 V el fra værk
386," Århusgade 131A, 3. tv 2150 Nordhavn ",2995000.0,2016-07-02, Handelstype Alm. frit salg,https://www.boliga.dk//salg/info/101/19602/3BFD8A8C-BB82-4255-8C2C-1F957E3351ED,https://www.boliga.dk//bbrinfo/3bfd8a8c-bb82-4255-8c2c-1f957e3351ed,"(55.70773906, 12.59402888)","Århusgade 131A, 1. mf, 2150 Nordhavn",0101,Egentlig beboelseslejlighed,Eget køkken med afløb,"Bolig i etageejendom, flerfamiliehus eller to-familiehus",Badeværelse i enheden,69, 1,69,Vandskyllende toilet i enheden,2, 1,230 V el fra værk
387, Kielgade 2 2150 Nordhavn ,11525000.0,2020-01-02, Handelstype Alm. frit salg,https://www.boliga.dk//salg/info/101/15223/EC045C94-D01E-4BA7-A80C-3E7BA659B7B7,https://www.boliga.dk//bbrinfo/ec045c94-d01e-4ba7-a80c-3e7ba659b7b7,"(55.70812873, 12.59427555)","Kielgade 2, 2150 Nordhavn",0101,Egentlig beboelseslejlighed,Eget køkken med afløb,"Række-, kæde- og klyngehus",Badeværelse i enheden,180, 2,180,Vandskyllende toilet i enheden,5, 3,400 V el fra værk
388, Kielgade 2 2150 Nordhavn ,7232633.0,2015-11-10, Handelstype Alm. frit salg,https://www.boliga.dk//salg/info/101/15223/EC045C94-D01E-4BA7-A80C-3E7BA659B7B7,https://www.boliga.dk//bbrinfo/ec045c94-d01e-4ba7-a80c-3e7ba659b7b7,"(55.70812873, 12.59427555)","Kielgade 2, 2150 Nordhavn",0101,Egentlig beboelseslejlighed,Eget køkken med afløb,"Række-, kæde- og klyngehus",Badeværelse i enheden,180, 2,180,Vandskyllende toilet i enheden,5, 3,400 V el fra værk
389," Sandkaj 13, 2. th 2150 Nordhavn ",10495000.0,2020-09-01, Handelstype Alm. frit salg,https://www.boliga.dk//salg/info/101/21455/18DFAD6B-7ACA-46D9-81BB-71D790EF4581,https://www.boliga.dk//bbrinfo/18dfad6b-7aca-46d9-81bb-71d790ef4581,"(55.70631673, 12.5937128)","Sandkaj 13, 1. th, 2150 Nordhavn",0101,Egentlig beboelseslejlighed,Eget køkken med afløb,"Bolig i etageejendom, flerfamiliehus eller to-familiehus",Badeværelse i enheden,134, 2,134,Vandskyllende toilet i enheden,4, 2,-
390," Sandkaj 13, 2. th 2150 Nordhavn ",7650000.0,2016-01-02, Handelstype Alm. frit salg,https://www.boliga.dk//salg/info/101/21455/18DFAD6B-7ACA-46D9-81BB-71D790EF4581,https://www.boliga.dk//bbrinfo/18dfad6b-7aca-46d9-81bb-71d790ef4581,"(55.70631673, 12.5937128)","Sandkaj 13, 1. th, 2150 Nordhavn",0101,Egentlig beboelseslejlighed,Eget køkken med afløb,"Bolig i etageejendom, flerfamiliehus eller to-familiehus",Badeværelse i enheden,134, 2,134,Vandskyllende toilet i enheden,4, 2,-
391," Murmanskgade 3, 4. th 2150 Nordhavn ",12500000.0,2020-08-01, Handelstype Alm. frit salg,https://www.boliga.dk//salg/info/101/17577/8DCEEBFB-019C-48C6-BE12-66011A4B9346,https://www.boliga.dk//bbrinfo/8dceebfb-019c-48c6-be12-66011a4b9346,"(55.70716738, 12.59860693)","Murmanskgade 3, 3. mf, 2150 Nordhavn",0101,Egentlig beboelseslejlighed,Eget køkken med afløb,"Bolig i etageejendom, flerfamiliehus eller to-familiehus",Badeværelse i enheden,167, 1,167,Vandskyllende toilet i enheden,3, 1,400 V el fra værk
392," Murmanskgade 3, 4. th 2150 Nordhavn ",11160000.0,2018-05-02, Handelstype Alm. frit salg,https://www.boliga.dk//salg/info/101/17577/8DCEEBFB-019C-48C6-BE12-66011A4B9346,https://www.boliga.dk//bbrinfo/8dceebfb-019c-48c6-be12-66011a4b9346,"(55.70716738, 12.59860693)","Murmanskgade 3, 3. mf, 2150 Nordhavn",0101,Egentlig beboelseslejlighed,Eget køkken med afløb,"Bolig i etageejendom, flerfamiliehus eller to-familiehus",Badeværelse i enheden,167, 1,167,Vandskyllende toilet i enheden,3, 1,400 V el fra værk
393," Murmanskgade 3, 4. th 2150 Nordhavn ",8995000.0,2014-12-01, Handelstype Alm. frit salg,https://www.boliga.dk//salg/info/101/17577/8DCEEBFB-019C-48C6-BE12-66011A4B9346,https://www.boliga.dk//bbrinfo/8dceebfb-019c-48c6-be12-66011a4b9346,"(55.70716738, 12.59860693)","Murmanskgade 3, 3. mf, 2150 Nordhavn",0101,Egentlig beboelseslejlighed,Eget køkken med afløb,"Bolig i etageejendom, flerfamiliehus eller to-familiehus",Badeværelse i enheden,167, 1,167,Vandskyllende toilet i enheden,3, 1,400 V el fra værk
394," Dunkerquegade 1, 2. tv 2150 Nordhavn ",3200000.0,2020-06-01, Handelstype Alm. frit salg,https://www.boliga.dk//salg/info/101/18682/9647AB26-8797-4AEA-93AC-B726FEDFF32D,https://www.boliga.dk//bbrinfo/9647ab26-8797-4aea-93ac-b726fedff32d,"(55.70844508, 12.59686421)","Dunkerquegade 1, 1. mf, 2150 Nordhavn",0101,Egentlig beboelseslejlighed,Eget køkken med afløb,"Bolig i etageejendom, flerfamiliehus eller to-familiehus",Badeværelse i enheden,59, 1,59,Vandskyllende toilet i enheden,2, 1,-
395," Dunkerquegade 1, 2. tv 2150 Nordhavn ",3100000.0,2019-04-01, Handelstype Alm. frit salg,https://www.boliga.dk//salg/info/101/18682/9647AB26-8797-4AEA-93AC-B726FEDFF32D,https://www.boliga.dk//bbrinfo/9647ab26-8797-4aea-93ac-b726fedff32d,"(55.70844508, 12.59686421)","Dunkerquegade 1, 1. mf, 2150 Nordhavn",0101,Egentlig beboelseslejlighed,Eget køkken med afløb,"Bolig i etageejendom, flerfamiliehus eller to-familiehus",Badeværelse i enheden,59, 1,59,Vandskyllende toilet i enheden,2, 1,-
396," Dunkerquegade 1, 2. tv 2150 Nordhavn ",2975000.0,2017-04-01, Handelstype Alm. frit salg,https://www.boliga.dk//salg/info/101/18682/9647AB26-8797-4AEA-93AC-B726FEDFF32D,https://www.boliga.dk//bbrinfo/9647ab26-8797-4aea-93ac-b726fedff32d,"(55.70844508, 12.59686421)","Dunkerquegade 1, 1. mf, 2150 Nordhavn",0101,Egentlig beboelseslejlighed,Eget køkken med afløb,"Bolig i etageejendom, flerfamiliehus eller to-familiehus",Badeværelse i enheden,59, 1,59,Vandskyllende toilet i enheden,2, 1,-
397," Dunkerquegade 1, 2. tv 2150 Nordhavn ",2550000.0,2015-10-01, Handelstype Alm. frit salg,https://www.boliga.dk//salg/info/101/18682/9647AB26-8797-4AEA-93AC-B726FEDFF32D,https://www.boliga.dk//bbrinfo/9647ab26-8797-4aea-93ac-b726fedff32d,"(55.70844508, 12.59686421)","Dunkerquegade 1, 1. mf, 2150 Nordhavn",0101,Egentlig beboelseslejlighed,Eget køkken med afløb,"Bolig i etageejendom, flerfamiliehus eller to-familiehus",Badeværelse i enheden,59, 1,59,Vandskyllende toilet i enheden,2, 1,-
398," Dunkerquegade 1, 2. tv 2150 Nordhavn ",1925000.0,2014-06-01, Handelstype Alm. frit salg,https://www.boliga.dk//salg/info/101/18682/9647AB26-8797-4AEA-93AC-B726FEDFF32D,https://www.boliga.dk//bbrinfo/9647ab26-8797-4aea-93ac-b726fedff32d,"(55.70844508, 12.59686421)","Dunkerquegade 1, 1. mf, 2150 Nordhavn",0101,Egentlig beboelseslejlighed,Eget køkken med afløb,"Bolig i etageejendom, flerfamiliehus eller to-familiehus",Badeværelse i enheden,59, 1,59,Vandskyllende toilet i enheden,2, 1,-
399," Sundkaj 11, 1. mf 2150 Nordhavn ",935000.0,2020-02-01, Handelstype Familieoverdragelse,https://www.boliga.dk//salg/info/101/33615/AE209EA6-E864-4E8F-A35C-C8CE9543DAFC,https://www.boliga.dk//bbrinfo/ae209ea6-e864-4e8f-a35c-c8ce9543dafc,"(55.71066469, 12.59508637)","Sundkaj 11, 1. mf, 2150 Nordhavn",0101,Egentlig beboelseslejlighed,Eget køkken med afløb,"Bolig i etageejendom, flerfamiliehus eller to-familiehus",Badeværelse i enheden,51, 1,51,Vandskyllende toilet i enheden,2, 1,-
400," Sundkaj 11, 1. mf 2150 Nordhavn ",2995000.0,2017-05-01, Handelstype Alm. frit salg,https://www.boliga.dk//salg/info/101/33615/AE209EA6-E864-4E8F-A35C-C8CE9543DAFC,https://www.boliga.dk//bbrinfo/ae209ea6-e864-4e8f-a35c-c8ce9543dafc,"(55.71066469, 12.59508637)","Sundkaj 11, 1. mf, 2150 Nordhavn",0101,Egentlig beboelseslejlighed,Eget køkken med afløb,"Bolig i etageejendom, flerfamiliehus eller to-familiehus",Badeværelse i enheden,51, 1,51,Vandskyllende toilet i enheden,2, 1,-
401," Dover Passage 4, st. th 2150 Nordhavn ",4250000.0,2020-08-10, Handelstype Alm. frit salg,https://www.boliga.dk//salg/info/101/18721/29EE7F1D-7E03-44C7-B4EC-A0D6105160C5,https://www.boliga.dk//bbrinfo/29ee7f1d-7e03-44c7-b4ec-a0d6105160c5,"(55.70863885, 12.59617413)","Dover Passage 4, 1. mf, 2150 Nordhavn",0101,Egentlig beboelseslejlighed,Eget køkken med afløb,"Bolig i etageejendom, flerfamiliehus eller to-familiehus",Badeværelse i enheden,85, 1,85,Vandskyllende toilet i enheden,4, 1,-
402," Dover Passage 4, st. th 2150 Nordhavn ",2650000.0,2014-06-01, Handelstype Alm. frit salg,https://www.boliga.dk//salg/info/101/18721/29EE7F1D-7E03-44C7-B4EC-A0D6105160C5,https://www.boliga.dk//bbrinfo/29ee7f1d-7e03-44c7-b4ec-a0d6105160c5,"(55.70863885, 12.59617413)","Dover Passage 4, 1. mf, 2150 Nordhavn",0101,Egentlig beboelseslejlighed,Eget køkken med afløb,"Bolig i etageejendom, flerfamiliehus eller to-familiehus",Badeværelse i enheden,85, 1,85,Vandskyllende toilet i enheden,4, 1,-
403," Trelleborggade 2, 2. mf 2150 Nordhavn ",3495000.0,2020-08-09, Handelstype Alm. frit salg,https://www.boliga.dk//salg/info/101/18809/7DF50A75-F5F0-44CD-8923-56B0652A54CA,https://www.boliga.dk//bbrinfo/7df50a75-f5f0-44cd-8923-56b0652a54ca,"(55.70624485, 12.59183821)","Trelleborggade 2, 2. mf, 2150 Nordhavn",0101,Egentlig beboelseslejlighed,Eget køkken med afløb,"Bolig i etageejendom, flerfamiliehus eller to-familiehus",Badeværelse i enheden,71, 1,71,Vandskyllende toilet i enheden,2, 1,-
404," Trelleborggade 2, 2. mf 2150 Nordhavn ",3105000.0,2017-05-02, Handelstype Alm. frit salg,https://www.boliga.dk//salg/info/101/18809/7DF50A75-F5F0-44CD-8923-56B0652A54CA,https://www.boliga.dk//bbrinfo/7df50a75-f5f0-44cd-8923-56b0652a54ca,"(55.70624485, 12.59183821)","Trelleborggade 2, 2. mf, 2150 Nordhavn",0101,Egentlig beboelseslejlighed,Eget køkken med afløb,"Bolig i etageejendom, flerfamiliehus eller to-familiehus",Badeværelse i enheden,71, 1,71,Vandskyllende toilet i enheden,2, 1,-
405," Sundkaj 105, 1. tv 2150 Nordhavn ",8200000.0,2020-08-07, Handelstype Alm. frit salg,https://www.boliga.dk//salg/info/101/40842/C9DCCF7D-872F-4469-AC1C-76C2C8159E06,https://www.boliga.dk//bbrinfo/c9dccf7d-872f-4469-ac1c-76c2c8159e06,"(55.70985112, 12.59917752)","Sundkaj 105, 1. th, 2150 Nordhavn",0101,Egentlig beboelseslejlighed,Eget køkken med afløb,"Bolig i etageejendom, flerfamiliehus eller to-familiehus",Badeværelse i enheden,49, 1,49,Vandskyllende toilet i enheden,2, 1,-
406," Sundkaj 111, 1. th 2150 Nordhavn ",7250000.0,2020-08-07, Handelstype Alm. frit salg,https://www.boliga.dk//salg/info/101/40875/3042B930-B75E-4D34-AEB4-6368AD75007E,https://www.boliga.dk//bbrinfo/3042b930-b75e-4d34-aeb4-6368ad75007e,"(55.70962786, 12.59889477)","Sundkaj 111, 1. th, 2150 Nordhavn",0101,Egentlig beboelseslejlighed,Eget køkken med afløb,"Bolig i etageejendom, flerfamiliehus eller to-familiehus",Badeværelse i enheden,126, 1,126,Vandskyllende toilet i enheden,3, 2,-
407," Trelleborggade 4, 4. th 2150 Nordhavn ",6295000.0,2020-08-07, Handelstype Alm. frit salg,https://www.boliga.dk//salg/info/101/18828/83A65B29-5AC8-4850-BEE7-0ACA7D7A6B6B,https://www.boliga.dk//bbrinfo/83a65b29-5ac8-4850-bee7-0aca7d7a6b6b,"(55.70626356, 12.592053)","Trelleborggade 4, 4. th, 2150 Nordhavn",0101,Egentlig beboelseslejlighed,Eget køkken med afløb,"Bolig i etageejendom, flerfamiliehus eller to-familiehus",Badeværelse i enheden,107, 1,107,Vandskyllende toilet i enheden,4, 1,-
408," Sundkaj 101, 1. th 2150 Nordhavn ",4750000.0,2020-01-03, Handelstype Alm. frit salg,https://www.boliga.dk//salg/info/101/40865/9A306B6A-C278-4DD3-BED1-23017827AA14,https://www.boliga.dk//bbrinfo/9a306b6a-c278-4dd3-bed1-23017827aa14,"(55.70975964, 12.5988779)","Sundkaj 101, 4., 2150 Nordhavn",0101,Egentlig beboelseslejlighed,Eget køkken med afløb,"Bolig i etageejendom, flerfamiliehus eller to-familiehus",Badeværelse i enheden,92, 1,92,Vandskyllende toilet i enheden,3, 1,-
409," Sundkaj 85, 2. mf 2150 Nordhavn ",3700000.0,2020-01-03, Handelstype Alm. frit salg,https://www.boliga.dk//salg/info/101/34163/D4C70CE2-4CB1-4FCC-8B12-81C6C8F3E041,https://www.boliga.dk//bbrinfo/d4c70ce2-4cb1-4fcc-8b12-81c6c8f3e041,"(55.70997625, 12.59869483)","Sundkaj 85, 1. mf, 2150 Nordhavn",0101,Egentlig beboelseslejlighed,Eget køkken med afløb,"Bolig i etageejendom, flerfamiliehus eller to-familiehus",Badeværelse i enheden,70, 1,70,Vandskyllende toilet i enheden,2, 1,-
410," Sundkaj 85, 2. mf 2150 Nordhavn ",3395000.0,2017-08-01, Handelstype Alm. frit salg,https://www.boliga.dk//salg/info/101/34163/D4C70CE2-4CB1-4FCC-8B12-81C6C8F3E041,https://www.boliga.dk//bbrinfo/d4c70ce2-4cb1-4fcc-8b12-81c6c8f3e041,"(55.70997625, 12.59869483)","Sundkaj 85, 1. mf, 2150 Nordhavn",0101,Egentlig beboelseslejlighed,Eget køkken med afløb,"Bolig i etageejendom, flerfamiliehus eller to-familiehus",Badeværelse i enheden,70, 1,70,Vandskyllende toilet i enheden,2, 1,-
411," Sundkaj 105, 2. th 2150 Nordhavn ",2895000.0,2020-01-03, Handelstype Alm. frit salg,https://www.boliga.dk//salg/info/101/40843/763DFEFC-DA78-466D-A59A-00173947E5D2,https://www.boliga.dk//bbrinfo/763dfefc-da78-466d-a59a-00173947e5d2,"(55.70985112, 12.59917752)","Sundkaj 105, 1. th, 2150 Nordhavn",0101,Egentlig beboelseslejlighed,Eget køkken med afløb,"Bolig i etageejendom, flerfamiliehus eller to-familiehus",Badeværelse i enheden,49, 1,49,Vandskyllende toilet i enheden,2, 1,-
412," Sundkaj 105, st. tv 2150 Nordhavn ",2795000.0,2020-01-03, Handelstype Alm. frit salg,https://www.boliga.dk//salg/info/101/40913/044B58BA-01F6-45C6-B154-B9098598D790,https://www.boliga.dk//bbrinfo/044b58ba-01f6-45c6-b154-b9098598d790,"(55.70985112, 12.59917752)","Sundkaj 105, 1. th, 2150 Nordhavn",0101,Egentlig beboelseslejlighed,Eget køkken med afløb,"Bolig i etageejendom, flerfamiliehus eller to-familiehus",Badeværelse i enheden,50, 1,50,Vandskyllende toilet i enheden,2, 1,-
413," Sundkaj 29, 2. th 2150 Nordhavn ",4440000.0,2020-04-02, Handelstype Alm. frit salg,https://www.boliga.dk//salg/info/101/40025/00991046-F0BA-468D-A6A8-29ED0A5598CE,https://www.boliga.dk//bbrinfo/00991046-f0ba-468d-a6a8-29ed0a5598ce,"(55.71055008, 12.59594205)","Sundkaj 29, 1. mf, 2150 Nordhavn",0101,Egentlig beboelseslejlighed,Eget køkken med afløb,"Bolig i etageejendom, flerfamiliehus eller to-familiehus",Badeværelse i enheden,88, 1,88,Vandskyllende toilet i enheden,3, 1,-
414," Sundkaj 29, 2. th 2150 Nordhavn ",4095000.0,2018-08-01, Handelstype Alm. frit salg,https://www.boliga.dk//salg/info/101/40025/00991046-F0BA-468D-A6A8-29ED0A5598CE,https://www.boliga.dk//bbrinfo/00991046-f0ba-468d-a6a8-29ed0a5598ce,"(55.71055008, 12.59594205)","Sundkaj 29, 1. mf, 2150 Nordhavn",0101,Egentlig beboelseslejlighed,Eget køkken med afløb,"Bolig i etageejendom, flerfamiliehus eller to-familiehus",Badeværelse i enheden,88, 1,88,Vandskyllende toilet i enheden,3, 1,-
415," Sundkaj 75, 3. th 2150 Nordhavn ",3570000.0,2020-06-01, Handelstype Alm. frit salg,https://www.boliga.dk//salg/info/101/27088/6DD5BD00-1423-49BD-9827-BEB58B1854FF,https://www.boliga.dk//bbrinfo/6dd5bd00-1423-49bd-9827-beb58b1854ff,"(55.71005876, 12.59775928)","Sundkaj 75, 4., 2150 Nordhavn",0101,Egentlig beboelseslejlighed,Eget køkken med afløb,"Bolig i etageejendom, flerfamiliehus eller to-familiehus",Badeværelse i enheden,70, 1,70,Vandskyllende toilet i enheden,2, 1,400 V el fra værk
416," Sundkaj 75, 3. th 2150 Nordhavn ",3323625.0,2017-08-01, Handelstype Alm. frit salg,https://www.boliga.dk//salg/info/101/27088/6DD5BD00-1423-49BD-9827-BEB58B1854FF,https://www.boliga.dk//bbrinfo/6dd5bd00-1423-49bd-9827-beb58b1854ff,"(55.71005876, 12.59775928)","Sundkaj 75, 4., 2150 Nordhavn",0101,Egentlig beboelseslejlighed,Eget køkken med afløb,"Bolig i etageejendom, flerfamiliehus eller to-familiehus",Badeværelse i enheden,70, 1,70,Vandskyllende toilet i enheden,2, 1,400 V el fra værk
417," Helsinkigade 18, 9. 4 2150 Nordhavn ",7600000.0,2020-05-01, Handelstype Alm. frit salg,https://www.boliga.dk//salg/info/101/21598/1367B4FB-F64D-42EA-B413-5901C2DE975F,https://www.boliga.dk//bbrinfo/1367b4fb-f64d-42ea-b413-5901c2de975f,"(55.70798351, 12.59704886)","Helsinkigade 18, 2. 2, 2150 Nordhavn",0101,Egentlig beboelseslejlighed,Eget køkken med afløb,"Bolig i etageejendom, flerfamiliehus eller to-familiehus",Badeværelse i enheden,103, 1,103,Vandskyllende toilet i enheden,3, 1,-
418," Helsinkigade 18, 9. 4 2150 Nordhavn ",6128051.0,2015-09-02, Handelstype Alm. frit salg,https://www.boliga.dk//salg/info/101/21598/1367B4FB-F64D-42EA-B413-5901C2DE975F,https://www.boliga.dk//bbrinfo/1367b4fb-f64d-42ea-b413-5901c2de975f,"(55.70798351, 12.59704886)","Helsinkigade 18, 2. 2, 2150 Nordhavn",0101,Egentlig beboelseslejlighed,Eget køkken med afløb,"Bolig i etageejendom, flerfamiliehus eller to-familiehus",Badeværelse i enheden,103, 1,103,Vandskyllende toilet i enheden,3, 1,-
419," Trelleborggade 4, 4. tv 2150 Nordhavn ",6195000.0,2020-03-01, Handelstype Alm. frit salg,https://www.boliga.dk//salg/info/101/18827/4D2C3533-E38E-4DF5-A8C0-D88FCEDFBB94,https://www.boliga.dk//bbrinfo/4d2c3533-e38e-4df5-a8c0-d88fcedfbb94,"(55.70626356, 12.592053)","Trelleborggade 4, 4. th, 2150 Nordhavn",0101,Egentlig beboelseslejlighed,Eget køkken med afløb,"Bolig i etageejendom, flerfamiliehus eller to-familiehus",Badeværelse i enheden,109, 1,109,Vandskyllende toilet i enheden,4, 1,-
420," Trelleborggade 4, 4. tv 2150 Nordhavn ",5245000.0,2016-03-30, Handelstype Alm. frit salg,https://www.boliga.dk//salg/info/101/18827/4D2C3533-E38E-4DF5-A8C0-D88FCEDFBB94,https://www.boliga.dk//bbrinfo/4d2c3533-e38e-4df5-a8c0-d88fcedfbb94,"(55.70626356, 12.592053)","Trelleborggade 4, 4. th, 2150 Nordhavn",0101,Egentlig beboelseslejlighed,Eget køkken med afløb,"Bolig i etageejendom, flerfamiliehus eller to-familiehus",Badeværelse i enheden,109, 1,109,Vandskyllende toilet i enheden,4, 1,-
421," Sundkaj 113, st. tv 2150 Nordhavn ",5130000.0,2020-07-10, Handelstype Alm. frit salg,https://www.boliga.dk//salg/info/101/40885/6F8BDC6D-85CC-4F30-AB24-4373CAF2F432,https://www.boliga.dk//bbrinfo/6f8bdc6d-85cc-4f30-ab24-4373caf2f432,"(55.70958324, 12.59911417)","Sundkaj 113, 5., 2150 Nordhavn",0101,Egentlig beboelseslejlighed,Eget køkken med afløb,"Bolig i etageejendom, flerfamiliehus eller to-familiehus",Badeværelse i enheden,85, 1,85,Vandskyllende toilet i enheden,3, 1,-
422," Trelleborggade 4, 2. th 2150 Nordhavn ",5800000.0,2020-07-03, Handelstype Alm. frit salg,https://www.boliga.dk//salg/info/101/18813/BEAA7779-7C34-4154-B744-F1F4F9D94950,https://www.boliga.dk//bbrinfo/beaa7779-7c34-4154-b744-f1f4f9d94950,"(55.70626356, 12.592053)","Trelleborggade 4, 4. th, 2150 Nordhavn",0101,Egentlig beboelseslejlighed,Eget køkken med afløb,"Bolig i etageejendom, flerfamiliehus eller to-familiehus",Badeværelse i enheden,107, 1,107,Vandskyllende toilet i enheden,4, 1,-
423," Trelleborggade 4, 2. th 2150 Nordhavn ",5685000.0,2017-08-04, Handelstype Alm. frit salg,https://www.boliga.dk//salg/info/101/18813/BEAA7779-7C34-4154-B744-F1F4F9D94950,https://www.boliga.dk//bbrinfo/beaa7779-7c34-4154-b744-f1f4f9d94950,"(55.70626356, 12.592053)","Trelleborggade 4, 4. th, 2150 Nordhavn",0101,Egentlig beboelseslejlighed,Eget køkken med afløb,"Bolig i etageejendom, flerfamiliehus eller to-familiehus",Badeværelse i enheden,107, 1,107,Vandskyllende toilet i enheden,4, 1,-
424," Trelleborggade 4, 2. th 2150 Nordhavn ",4945000.0,2015-07-01, Handelstype Alm. frit salg,https://www.boliga.dk//salg/info/101/18813/BEAA7779-7C34-4154-B744-F1F4F9D94950,https://www.boliga.dk//bbrinfo/beaa7779-7c34-4154-b744-f1f4f9d94950,"(55.70626356, 12.592053)","Trelleborggade 4, 4. th, 2150 Nordhavn",0101,Egentlig beboelseslejlighed,Eget køkken med afløb,"Bolig i etageejendom, flerfamiliehus eller to-familiehus",Badeværelse i enheden,107, 1,107,Vandskyllende toilet i enheden,4, 1,-
425," Helsinkigade 20, 3. 3 2150 Nordhavn ",4850000.0,2020-07-03, Handelstype Alm. frit salg,https://www.boliga.dk//salg/info/101/21615/367A54ED-D27C-445D-8B85-63F2A1977040,https://www.boliga.dk//bbrinfo/367a54ed-d27c-445d-8b85-63f2a1977040,"(55.70792825, 12.59733266)","Helsinkigade 20, 10., 2150 Nordhavn",0101,Egentlig beboelseslejlighed,Eget køkken med afløb,"Bolig i etageejendom, flerfamiliehus eller to-familiehus",Badeværelse i enheden,90, 1,90,Vandskyllende toilet i enheden,2, 1,-
426," Helsinkigade 20, 3. 3 2150 Nordhavn ",3200000.0,2014-09-05, Handelstype Alm. frit salg,https://www.boliga.dk//salg/info/101/21615/367A54ED-D27C-445D-8B85-63F2A1977040,https://www.boliga.dk//bbrinfo/367a54ed-d27c-445d-8b85-63f2a1977040,"(55.70792825, 12.59733266)","Helsinkigade 20, 10., 2150 Nordhavn",0101,Egentlig beboelseslejlighed,Eget køkken med afløb,"Bolig i etageejendom, flerfamiliehus eller to-familiehus",Badeværelse i enheden,90, 1,90,Vandskyllende toilet i enheden,2, 1,-
427," Sundkaj 31, 2. mf 2150 Nordhavn ",4600000.0,2020-07-03, Handelstype Alm. frit salg,https://www.boliga.dk//salg/info/101/40041/90C7A1CD-DCC5-43F4-ABE2-CB8BB981F561,https://www.boliga.dk//bbrinfo/90c7a1cd-dcc5-43f4-abe2-cb8bb981f561,"(55.71046692, 12.59624242)","Sundkaj 31, 1. mf, 2150 Nordhavn",0101,Egentlig beboelseslejlighed,Eget køkken med afløb,"Bolig i etageejendom, flerfamiliehus eller to-familiehus",Badeværelse i enheden,96, 1,96,Vandskyllende toilet i enheden,3, 1,-
428," Sundkaj 7, 4. th 2150 Nordhavn ",2180000.0,2020-06-30, Handelstype Familieoverdragelse,https://www.boliga.dk//salg/info/101/33602/184F66DD-458B-46E4-AB14-F10B5C66AAB9,https://www.boliga.dk//bbrinfo/184f66dd-458b-46e4-ab14-f10b5c66aab9,"(55.71034171, 12.59488289)","Sundkaj 7, 1. th, 2150 Nordhavn",0101,Egentlig beboelseslejlighed,Eget køkken med afløb,"Bolig i etageejendom, flerfamiliehus eller to-familiehus",Badeværelse i enheden,102, 1,102,Vandskyllende toilet i enheden,4, 1,-
429," Sundkaj 7, 4. th 2150 Nordhavn ",6450000.0,2019-07-05, Handelstype Alm. frit salg,https://www.boliga.dk//salg/info/101/33602/184F66DD-458B-46E4-AB14-F10B5C66AAB9,https://www.boliga.dk//bbrinfo/184f66dd-458b-46e4-ab14-f10b5c66aab9,"(55.71034171, 12.59488289)","Sundkaj 7, 1. th, 2150 Nordhavn",0101,Egentlig beboelseslejlighed,Eget køkken med afløb,"Bolig i etageejendom, flerfamiliehus eller to-familiehus",Badeværelse i enheden,102, 1,102,Vandskyllende toilet i enheden,4, 1,-
430, Århusgade 139 2150 Nordhavn ,8495000.0,2020-04-01, Handelstype Alm. frit salg,https://www.boliga.dk//salg/info/101/19127/7CF85303-8117-41D1-98E5-ECE2128C69D5,https://www.boliga.dk//bbrinfo/7cf85303-8117-41d1-98e5-ece2128c69d5,"(55.70787522, 12.59436564)","Århusgade 139, 2150 Nordhavn",0101,Egentlig beboelseslejlighed,Eget køkken med afløb,"Række-, kæde- og klyngehus",Badeværelse i enheden,122, 1,122,Vandskyllende toilet i enheden,4, 2,-
431, Århusgade 139 2150 Nordhavn ,6000493.0,2015-04-02, Handelstype Alm. frit salg,https://www.boliga.dk//salg/info/101/19127/7CF85303-8117-41D1-98E5-ECE2128C69D5,https://www.boliga.dk//bbrinfo/7cf85303-8117-41d1-98e5-ece2128c69d5,"(55.70787522, 12.59436564)","Århusgade 139, 2150 Nordhavn",0101,Egentlig beboelseslejlighed,Eget køkken med afløb,"Række-, kæde- og klyngehus",Badeværelse i enheden,122, 1,122,Vandskyllende toilet i enheden,4, 2,-
432," Murmanskgade 3, 1. tv 2150 Nordhavn ",5100000.0,2020-01-01, Handelstype Alm. frit salg,https://www.boliga.dk//salg/info/101/17564/10F4E0F8-299D-465B-8BD6-BA5BF6AB524A,https://www.boliga.dk//bbrinfo/10f4e0f8-299d-465b-8bd6-ba5bf6ab524a,"(55.70716738, 12.59860693)","Murmanskgade 3, 3. mf, 2150 Nordhavn",0101,Egentlig beboelseslejlighed,Eget køkken med afløb,"Bolig i etageejendom, flerfamiliehus eller to-familiehus",Badeværelse i enheden,117, 1,117,Vandskyllende toilet i enheden,3, 1,400 V el fra værk
433," Murmanskgade 3, 1. tv 2150 Nordhavn ",2995000.0,2013-10-10, Handelstype Alm. frit salg,https://www.boliga.dk//salg/info/101/17564/10F4E0F8-299D-465B-8BD6-BA5BF6AB524A,https://www.boliga.dk//bbrinfo/10f4e0f8-299d-465b-8bd6-ba5bf6ab524a,"(55.70716738, 12.59860693)","Murmanskgade 3, 3. mf, 2150 Nordhavn",0101,Egentlig beboelseslejlighed,Eget køkken med afløb,"Bolig i etageejendom, flerfamiliehus eller to-familiehus",Badeværelse i enheden,117, 1,117,Vandskyllende toilet i enheden,3, 1,400 V el fra værk
434," Sundkaj 33, 1. tv 2150 Nordhavn ",3675000.0,2020-06-07, Handelstype Alm. frit salg,https://www.boliga.dk//salg/info/101/39957/4F32AB8C-A474-423B-BAB9-C3B192DEA4DC,https://www.boliga.dk//bbrinfo/4f32ab8c-a474-423b-bab9-c3b192dea4dc,"(55.71038191, 12.59642643)","Sundkaj 33, 1. mf, 2150 Nordhavn",0101,Egentlig beboelseslejlighed,Eget køkken med afløb,"Bolig i etageejendom, flerfamiliehus eller to-familiehus",Badeværelse i enheden,71, 1,71,Vandskyllende toilet i enheden,2, 1,-
435," Sundkaj 33, 1. tv 2150 Nordhavn ",3095000.0,2018-04-01, Handelstype Alm. frit salg,https://www.boliga.dk//salg/info/101/39957/4F32AB8C-A474-423B-BAB9-C3B192DEA4DC,https://www.boliga.dk//bbrinfo/4f32ab8c-a474-423b-bab9-c3b192dea4dc,"(55.71038191, 12.59642643)","Sundkaj 33, 1. mf, 2150 Nordhavn",0101,Egentlig beboelseslejlighed,Eget køkken med afløb,"Bolig i etageejendom, flerfamiliehus eller to-familiehus",Badeværelse i enheden,71, 1,71,Vandskyllende toilet i enheden,2, 1,-
436," Dunkerquegade 1, 4. tv 2150 Nordhavn ",3250000.0,2020-06-05, Handelstype Alm. frit salg,https://www.boliga.dk//salg/info/101/18689/DFEE4ABE-D1A9-4E59-9622-BF0542285747,https://www.boliga.dk//bbrinfo/dfee4abe-d1a9-4e59-9622-bf0542285747,"(55.70844508, 12.59686421)","Dunkerquegade 1, 1. mf, 2150 Nordhavn",0101,Egentlig beboelseslejlighed,Eget køkken med afløb,"Bolig i etageejendom, flerfamiliehus eller to-familiehus",Badeværelse i enheden,59, 1,59,Vandskyllende toilet i enheden,2, 1,-
437," Dunkerquegade 1, 4. tv 2150 Nordhavn ",3250000.0,2019-07-01, Handelstype Alm. frit salg,https://www.boliga.dk//salg/info/101/18689/DFEE4ABE-D1A9-4E59-9622-BF0542285747,https://www.boliga.dk//bbrinfo/dfee4abe-d1a9-4e59-9622-bf0542285747,"(55.70844508, 12.59686421)","Dunkerquegade 1, 1. mf, 2150 Nordhavn",0101,Egentlig beboelseslejlighed,Eget køkken med afløb,"Bolig i etageejendom, flerfamiliehus eller to-familiehus",Badeværelse i enheden,59, 1,59,Vandskyllende toilet i enheden,2, 1,-
438," Dunkerquegade 1, 4. tv 2150 Nordhavn ",2095000.0,2014-06-06, Handelstype Alm. frit salg,https://www.boliga.dk//salg/info/101/18689/DFEE4ABE-D1A9-4E59-9622-BF0542285747,https://www.boliga.dk//bbrinfo/dfee4abe-d1a9-4e59-9622-bf0542285747,"(55.70844508, 12.59686421)","Dunkerquegade 1, 1. mf, 2150 Nordhavn",0101,Egentlig beboelseslejlighed,Eget køkken med afløb,"Bolig i etageejendom, flerfamiliehus eller to-familiehus",Badeværelse i enheden,59, 1,59,Vandskyllende toilet i enheden,2, 1,-
439," Trelleborggade 15, 2. 4 2150 Nordhavn ",2369585.0,2020-06-04, Handelstype Alm. frit salg,https://www.boliga.dk//salg/info/101/39330/F10E8832-B3FC-4FCF-A9B5-0635190B3905,https://www.boliga.dk//bbrinfo/f10e8832-b3fc-4fcf-a9b5-0635190b3905,"(55.70686603, 12.59442831)","Trelleborggade 15, 2150 Nordhavn",0101,Egentlig beboelseslejlighed,Eget køkken med afløb,"Bolig i etageejendom, flerfamiliehus eller to-familiehus",Badeværelse i enheden,93, 1,93,Vandskyllende toilet i enheden,3, 1,-
440," Trelleborggade 15, 2. 4 2150 Nordhavn ",4594356.0,2017-11-06, Handelstype Alm. frit salg,https://www.boliga.dk//salg/info/101/39330/F10E8832-B3FC-4FCF-A9B5-0635190B3905,https://www.boliga.dk//bbrinfo/f10e8832-b3fc-4fcf-a9b5-0635190b3905,"(55.70686603, 12.59442831)","Trelleborggade 15, 2150 Nordhavn",0101,Egentlig beboelseslejlighed,Eget køkken med afløb,"Bolig i etageejendom, flerfamiliehus eller to-familiehus",Badeværelse i enheden,93, 1,93,Vandskyllende toilet i enheden,3, 1,-
441," Sundkaj 91, 3. mf 2150 Nordhavn ",6995000.0,2020-06-01, Handelstype Alm. frit salg,https://www.boliga.dk//salg/info/101/34091/CEC62042-7737-474E-B75F-6A01CD522EF9,https://www.boliga.dk//bbrinfo/cec62042-7737-474e-b75f-6a01cd522ef9,"(55.70966782, 12.5985478)","Sundkaj 91, 1. mf, 2150 Nordhavn",0101,Egentlig beboelseslejlighed,Eget køkken med afløb,"Bolig i etageejendom, flerfamiliehus eller to-familiehus",Badeværelse i enheden,105, 1,105,Vandskyllende toilet i enheden,3, 1,-
442," Sundkaj 91, 3. mf 2150 Nordhavn ",5795000.0,2017-01-03, Handelstype Alm. frit salg,https://www.boliga.dk//salg/info/101/34091/CEC62042-7737-474E-B75F-6A01CD522EF9,https://www.boliga.dk//bbrinfo/cec62042-7737-474e-b75f-6a01cd522ef9,"(55.70966782, 12.5985478)","Sundkaj 91, 1. mf, 2150 Nordhavn",0101,Egentlig beboelseslejlighed,Eget køkken med afløb,"Bolig i etageejendom, flerfamiliehus eller to-familiehus",Badeværelse i enheden,105, 1,105,Vandskyllende toilet i enheden,3, 1,-
443," Göteborg Plads 8, 1. tv 2150 Nordhavn ",5800000.0,2020-01-03, Handelstype Alm. frit salg,https://www.boliga.dk//salg/info/101/17625/81D79DA0-4954-485A-9ED2-03970F560758,https://www.boliga.dk//bbrinfo/81d79da0-4954-485a-9ed2-03970f560758,"(55.70695451, 12.59774378)","Göteborg Plads 8, 4., 2150 Nordhavn",0101,Egentlig beboelseslejlighed,Eget køkken med afløb,"Bolig i etageejendom, flerfamiliehus eller to-familiehus",Badeværelse i enheden,115, 1,115,Vandskyllende toilet i enheden,3, 1,400 V el fra værk
444," Göteborg Plads 8, 1. tv 2150 Nordhavn ",3550000.0,2013-01-01, Handelstype Alm. frit salg,https://www.boliga.dk//salg/info/101/17625/81D79DA0-4954-485A-9ED2-03970F560758,https://www.boliga.dk//bbrinfo/81d79da0-4954-485a-9ed2-03970f560758,"(55.70695451, 12.59774378)","Göteborg Plads 8, 4., 2150 Nordhavn",0101,Egentlig beboelseslejlighed,Eget køkken med afløb,"Bolig i etageejendom, flerfamiliehus eller to-familiehus",Badeværelse i enheden,115, 1,115,Vandskyllende toilet i enheden,3, 1,400 V el fra værk
445," Sundkaj 115, 5. tv 2150 Nordhavn ",11939000.0,2020-09-02, Handelstype Alm. frit salg,https://www.boliga.dk//salg/info/101/40912/D0510208-E801-467E-9E91-C1FBFA10F99C,https://www.boliga.dk//bbrinfo/d0510208-e801-467e-9e91-c1fbfa10f99c,"(55.70953913, 12.59933107)","Sundkaj 115, 1. th, 2150 Nordhavn",0101,Egentlig beboelseslejlighed,Eget køkken med afløb,"Bolig i etageejendom, flerfamiliehus eller to-familiehus",Badeværelse i enheden,134, 1,134,Vandskyllende toilet i enheden,4, 1,-
446, Sundkaj 13 2150 Nordhavn ,8150000.0,2020-08-02, Handelstype Alm. frit salg,https://www.boliga.dk//salg/info/101/33620/6F4FDD2F-BB62-4B51-A92F-E963CBBC2B46,https://www.boliga.dk//bbrinfo/6f4fdd2f-bb62-4b51-a92f-e963cbbc2b46,"(55.71068497, 12.59528622)","Sundkaj 13, 2150 Nordhavn",0101,Egentlig beboelseslejlighed,Eget køkken med afløb,"Række-, kæde- og klyngehus",Badeværelse i enheden,161, 2,161,Vandskyllende toilet i enheden,5, 3,-
447," Sundkaj 115, 1. tv 2150 Nordhavn ",8250000.0,2020-08-02, Handelstype Alm. frit salg,https://www.boliga.dk//salg/info/101/40903/1301D1B7-1CD9-4E4F-ABF5-FB00B45D4D44,https://www.boliga.dk//bbrinfo/1301d1b7-1cd9-4e4f-abf5-fb00b45d4d44,"(55.70953913, 12.59933107)","Sundkaj 115, 1. th, 2150 Nordhavn",0101,Egentlig beboelseslejlighed,Eget køkken med afløb,"Bolig i etageejendom, flerfamiliehus eller to-familiehus",Badeværelse i enheden,118, 1,118,Vandskyllende toilet i enheden,4, 2,-
448," Sundkaj 113, 2. th 2150 Nordhavn ",5295000.0,2020-07-02, Handelstype Alm. frit salg,https://www.boliga.dk//salg/info/101/40891/C93E7F23-1F06-4388-A8BA-F87DD35DB170,https://www.boliga.dk//bbrinfo/c93e7f23-1f06-4388-a8ba-f87dd35db170,"(55.70958324, 12.59911417)","Sundkaj 113, 5., 2150 Nordhavn",0101,Egentlig beboelseslejlighed,Eget køkken med afløb,"Bolig i etageejendom, flerfamiliehus eller to-familiehus",Badeværelse i enheden,84, 1,84,Vandskyllende toilet i enheden,3, 1,-
449," Sundkaj 101, 3. tv 2150 Nordhavn ",3050000.0,2020-07-02, Handelstype Alm. frit salg,https://www.boliga.dk//salg/info/101/40871/5375A949-0955-4978-A5BB-C1B8CE6416A2,https://www.boliga.dk//bbrinfo/5375a949-0955-4978-a5bb-c1b8ce6416a2,"(55.70975964, 12.5988779)","Sundkaj 101, 4., 2150 Nordhavn",0101,Egentlig beboelseslejlighed,Eget køkken med afløb,"Bolig i etageejendom, flerfamiliehus eller to-familiehus",Badeværelse i enheden,56, 1,56,Vandskyllende toilet i enheden,2, 1,-
450," Sundkaj 101, 1. tv 2150 Nordhavn ",2850000.0,2020-07-02, Handelstype Alm. frit salg,https://www.boliga.dk//salg/info/101/40867/6B8B935F-1AF4-43C9-B44D-747CE4C3119D,https://www.boliga.dk//bbrinfo/6b8b935f-1af4-43c9-b44d-747ce4c3119d,"(55.70975964, 12.5988779)","Sundkaj 101, 4., 2150 Nordhavn",0101,Egentlig beboelseslejlighed,Eget køkken med afløb,"Bolig i etageejendom, flerfamiliehus eller to-familiehus",Badeværelse i enheden,56, 1,56,Vandskyllende toilet i enheden,2, 1,-
451," Sundkaj 107, st. th 2150 Nordhavn ",3150000.0,2020-06-02, Handelstype Alm. frit salg,https://www.boliga.dk//salg/info/101/40847/44AAC57F-C332-41F6-9177-CD3B31FD03CD,https://www.boliga.dk//bbrinfo/44aac57f-c332-41f6-9177-cd3b31fd03cd,"(55.70981838, 12.59933805)","Sundkaj 107, 1. th, 2150 Nordhavn",0101,Egentlig beboelseslejlighed,Eget køkken med afløb,"Bolig i etageejendom, flerfamiliehus eller to-familiehus",Badeværelse i enheden,62, 1,62,Vandskyllende toilet i enheden,2, 1,-
452," Sundkaj 101, 2. tv 2150 Nordhavn ",2995000.0,2020-06-02, Handelstype Alm. frit salg,https://www.boliga.dk//salg/info/101/40869/36447D34-DE63-456E-9449-1DD1BF395E6C,https://www.boliga.dk//bbrinfo/36447d34-de63-456e-9449-1dd1bf395e6c,"(55.70975964, 12.5988779)","Sundkaj 101, 4., 2150 Nordhavn",0101,Egentlig beboelseslejlighed,Eget køkken med afløb,"Bolig i etageejendom, flerfamiliehus eller to-familiehus",Badeværelse i enheden,56, 1,56,Vandskyllende toilet i enheden,2, 1,-
453," Sundkaj 115, 1. th 2150 Nordhavn ",5250000.0,2020-06-02, Handelstype Alm. frit salg,https://www.boliga.dk//salg/info/101/40901/B76752DD-844F-47ED-B6E2-79846011AAB4,https://www.boliga.dk//bbrinfo/b76752dd-844f-47ed-b6e2-79846011aab4,"(55.70953913, 12.59933107)","Sundkaj 115, 1. th, 2150 Nordhavn",0101,Egentlig beboelseslejlighed,Eget køkken med afløb,"Bolig i etageejendom, flerfamiliehus eller to-familiehus",Badeværelse i enheden,83, 1,83,Vandskyllende toilet i enheden,3, 1,-
454," Sundkaj 115, 2. th 2150 Nordhavn ",5340000.0,2020-06-02, Handelstype Alm. frit salg,https://www.boliga.dk//salg/info/101/40904/A891613E-2CB5-42D0-80EB-5E39CB415418,https://www.boliga.dk//bbrinfo/a891613e-2cb5-42d0-80eb-5e39cb415418,"(55.70953913, 12.59933107)","Sundkaj 115, 1. th, 2150 Nordhavn",0101,Egentlig beboelseslejlighed,Eget køkken med afløb,"Bolig i etageejendom, flerfamiliehus eller to-familiehus",Badeværelse i enheden,83, 1,83,Vandskyllende toilet i enheden,3, 1,-
455," Sundkaj 115, 2. tv 2150 Nordhavn ",8300000.0,2020-06-02, Handelstype Alm. frit salg,https://www.boliga.dk//salg/info/101/40905/C166C53A-07C5-427A-A6FA-46DA9FB240DC,https://www.boliga.dk//bbrinfo/c166c53a-07c5-427a-a6fa-46da9fb240dc,"(55.70953913, 12.59933107)","Sundkaj 115, 1. th, 2150 Nordhavn",0101,Egentlig beboelseslejlighed,Eget køkken med afløb,"Bolig i etageejendom, flerfamiliehus eller to-familiehus",Badeværelse i enheden,118, 1,118,Vandskyllende toilet i enheden,4, 2,-
456," Sundkaj 105, st. th 2150 Nordhavn ",2495000.0,2020-06-02, Handelstype Alm. frit salg,https://www.boliga.dk//salg/info/101/40914/F07B752E-2D57-4C83-8D6B-03C9D10374FC,https://www.boliga.dk//bbrinfo/f07b752e-2d57-4c83-8d6b-03c9d10374fc,"(55.70985112, 12.59917752)","Sundkaj 105, 1. th, 2150 Nordhavn",0101,Egentlig beboelseslejlighed,Eget køkken med afløb,"Bolig i etageejendom, flerfamiliehus eller to-familiehus",Badeværelse i enheden,44, 1,44,Vandskyllende toilet i enheden,2, 1,-
457," Sundkaj 111, st. th 2150 Nordhavn ",4295000.0,2020-06-02, Handelstype Alm. frit salg,https://www.boliga.dk//salg/info/101/40874/1540AC3C-5CD9-49AA-A6AC-24480E74CE74,https://www.boliga.dk//bbrinfo/1540ac3c-5cd9-49aa-a6ac-24480e74ce74,"(55.70962786, 12.59889477)","Sundkaj 111, 1. th, 2150 Nordhavn",0101,Egentlig beboelseslejlighed,Eget køkken med afløb,"Bolig i etageejendom, flerfamiliehus eller to-familiehus",Badeværelse i enheden,71, 1,71,Vandskyllende toilet i enheden,3, 1,-
458," Sundkaj 113, 4. tv 2150 Nordhavn ",6800000.0,2020-06-02, Handelstype Alm. frit salg,https://www.boliga.dk//salg/info/101/40897/D63D6956-9E9B-44FB-934D-DE3F36A116EB,https://www.boliga.dk//bbrinfo/d63d6956-9e9b-44fb-934d-de3f36a116eb,"(55.70958324, 12.59911417)","Sundkaj 113, 5., 2150 Nordhavn",0101,Egentlig beboelseslejlighed,Eget køkken med afløb,"Bolig i etageejendom, flerfamiliehus eller to-familiehus",Badeværelse i enheden,101, 1,101,Vandskyllende toilet i enheden,3, 1,-
459," Sundkaj 113, 1. tv 2150 Nordhavn ",6595000.0,2020-06-02, Handelstype Alm. frit salg,https://www.boliga.dk//salg/info/101/40889/D994BCB9-447D-4562-9F9A-D4CDDD89CF08,https://www.boliga.dk//bbrinfo/d994bcb9-447d-4562-9f9a-d4cddd89cf08,"(55.70958324, 12.59911417)","Sundkaj 113, 5., 2150 Nordhavn",0101,Egentlig beboelseslejlighed,Eget køkken med afløb,"Bolig i etageejendom, flerfamiliehus eller to-familiehus",Badeværelse i enheden,101, 1,101,Vandskyllende toilet i enheden,3, 1,-
460," Sundkaj 113, 3. tv 2150 Nordhavn ",6895000.0,2020-06-02, Handelstype Alm. frit salg,https://www.boliga.dk//salg/info/101/40894/468AB084-5E46-457F-994C-54256ECFF9E0,https://www.boliga.dk//bbrinfo/468ab084-5e46-457f-994c-54256ecff9e0,"(55.70958324, 12.59911417)","Sundkaj 113, 5., 2150 Nordhavn",0101,Egentlig beboelseslejlighed,Eget køkken med afløb,"Bolig i etageejendom, flerfamiliehus eller to-familiehus",Badeværelse i enheden,101, 1,101,Vandskyllende toilet i enheden,3, 1,-
461," Sundkaj 113, 2. tv 2150 Nordhavn ",6695000.0,2020-06-02, Handelstype Alm. frit salg,https://www.boliga.dk//salg/info/101/40892/56CC288E-A16E-452C-88BC-B90E9D66A311,https://www.boliga.dk//bbrinfo/56cc288e-a16e-452c-88bc-b90e9d66a311,"(55.70958324, 12.59911417)","Sundkaj 113, 5., 2150 Nordhavn",0101,Egentlig beboelseslejlighed,Eget køkken med afløb,"Bolig i etageejendom, flerfamiliehus eller to-familiehus",Badeværelse i enheden,101, 1,101,Vandskyllende toilet i enheden,3, 1,-
462," Sundkaj 113, 3. th 2150 Nordhavn ",5495000.0,2020-06-02, Handelstype Alm. frit salg,https://www.boliga.dk//salg/info/101/40893/1C22D20C-CF85-4F2F-9B51-C01F5CDAB5C0,https://www.boliga.dk//bbrinfo/1c22d20c-cf85-4f2f-9b51-c01f5cdab5c0,"(55.70958324, 12.59911417)","Sundkaj 113, 5., 2150 Nordhavn",0101,Egentlig beboelseslejlighed,Eget køkken med afløb,"Bolig i etageejendom, flerfamiliehus eller to-familiehus",Badeværelse i enheden,84, 1,84,Vandskyllende toilet i enheden,3, 1,-
463," Sundkaj 109, 1. mf 2150 Nordhavn ",3725000.0,2020-06-02, Handelstype Alm. frit salg,https://www.boliga.dk//salg/info/101/40858/66BC9ECB-F9E0-4613-92A4-342783E7931F,https://www.boliga.dk//bbrinfo/66bc9ecb-f9e0-4613-92a4-342783e7931f,"(55.70971898, 12.59950214)","Sundkaj 109, 1. mf, 2150 Nordhavn",0101,Egentlig beboelseslejlighed,Eget køkken med afløb,"Bolig i etageejendom, flerfamiliehus eller to-familiehus",Badeværelse i enheden,64, 1,64,Vandskyllende toilet i enheden,2, 1,-
464," Sundkaj 111, 2. tv 2150 Nordhavn ",5295000.0,2020-06-02, Handelstype Alm. frit salg,https://www.boliga.dk//salg/info/101/40880/7C2CFC76-2FC1-4E2D-8AF7-1CA4C75ED163,https://www.boliga.dk//bbrinfo/7c2cfc76-2fc1-4e2d-8af7-1ca4c75ed163,"(55.70962786, 12.59889477)","Sundkaj 111, 1. th, 2150 Nordhavn",0101,Egentlig beboelseslejlighed,Eget køkken med afløb,"Bolig i etageejendom, flerfamiliehus eller to-familiehus",Badeværelse i enheden,88, 1,88,Vandskyllende toilet i enheden,3, 1,-
465," Sundkaj 101, 3. th 2150 Nordhavn ",4995000.0,2020-06-02, Handelstype Alm. frit salg,https://www.boliga.dk//salg/info/101/40870/D6EDB9FB-BB19-4C05-A0F7-2C9CD2C8C1D7,https://www.boliga.dk//bbrinfo/d6edb9fb-bb19-4c05-a0f7-2c9cd2c8c1d7,"(55.70975964, 12.5988779)","Sundkaj 101, 4., 2150 Nordhavn",0101,Egentlig beboelseslejlighed,Eget køkken med afløb,"Bolig i etageejendom, flerfamiliehus eller to-familiehus",Badeværelse i enheden,92, 1,92,Vandskyllende toilet i enheden,3, 1,-
466," Sundkaj 111, 4. th 2150 Nordhavn ",10495000.0,2020-06-02, Handelstype Alm. frit salg,https://www.boliga.dk//salg/info/101/40883/953FACD8-2C51-4B4E-A5F4-140F9A225B64,https://www.boliga.dk//bbrinfo/953facd8-2c51-4b4e-a5f4-140f9a225b64,"(55.70962786, 12.59889477)","Sundkaj 111, 1. th, 2150 Nordhavn",0101,Egentlig beboelseslejlighed,Eget køkken med afløb,"Bolig i etageejendom, flerfamiliehus eller to-familiehus",Badeværelse i enheden,142, 1,142,Vandskyllende toilet i enheden,3, 2,-
467," Sundkaj 115, 4. tv 2150 Nordhavn ",8745000.0,2020-06-02, Handelstype Alm. frit salg,https://www.boliga.dk//salg/info/101/40910/2F16E20D-09EA-4074-BDFB-7381E3425871,https://www.boliga.dk//bbrinfo/2f16e20d-09ea-4074-bdfb-7381e3425871,"(55.70953913, 12.59933107)","Sundkaj 115, 1. th, 2150 Nordhavn",0101,Egentlig beboelseslejlighed,Eget køkken med afløb,"Bolig i etageejendom, flerfamiliehus eller to-familiehus",Badeværelse i enheden,118, 1,118,Vandskyllende toilet i enheden,4, 2,-
468," Sundkaj 115, 3. tv 2150 Nordhavn ",8745000.0,2020-06-02, Handelstype Alm. frit salg,https://www.boliga.dk//salg/info/101/40907/14936216-534C-4C57-8C34-7C1FB2B3E496,https://www.boliga.dk//bbrinfo/14936216-534c-4c57-8c34-7c1fb2b3e496,"(55.70953913, 12.59933107)","Sundkaj 115, 1. th, 2150 Nordhavn",0101,Egentlig beboelseslejlighed,Eget køkken med afløb,"Bolig i etageejendom, flerfamiliehus eller to-familiehus",Badeværelse i enheden,118, 1,118,Vandskyllende toilet i enheden,4, 2,-
469," Sundkaj 111, 3. tv 2150 Nordhavn ",5495000.0,2020-06-02, Handelstype Alm. frit salg,https://www.boliga.dk//salg/info/101/40882/F37CA656-C667-4D5B-8DD1-7098A350922D,https://www.boliga.dk//bbrinfo/f37ca656-c667-4d5b-8dd1-7098a350922d,"(55.70962786, 12.59889477)","Sundkaj 111, 1. th, 2150 Nordhavn",0101,Egentlig beboelseslejlighed,Eget køkken med afløb,"Bolig i etageejendom, flerfamiliehus eller to-familiehus",Badeværelse i enheden,88, 1,88,Vandskyllende toilet i enheden,3, 1,-
470," Sundkaj 103, 2. tv 2150 Nordhavn ",2600000.0,2020-06-02, Handelstype Alm. frit salg,https://www.boliga.dk//salg/info/101/40902/4A4F8CEA-969F-47C2-B11D-B7755F585D37,https://www.boliga.dk//bbrinfo/4a4f8cea-969f-47c2-b11d-b7755f585d37,"(55.70988704, 12.59900148)","Sundkaj 103, 1. th, 2150 Nordhavn",0101,Egentlig beboelseslejlighed,Eget køkken med afløb,"Bolig i etageejendom, flerfamiliehus eller to-familiehus",Badeværelse i enheden,49, 1,49,Vandskyllende toilet i enheden,2, 1,-
471," Sundkaj 115, 5. th 2150 Nordhavn ",14750000.0,2020-06-02, Handelstype Alm. frit salg,https://www.boliga.dk//salg/info/101/40911/F7F1C943-6E7E-4057-A3E1-97C88DD0398F,https://www.boliga.dk//bbrinfo/f7f1c943-6e7e-4057-a3e1-97c88dd0398f,"(55.70953913, 12.59933107)","Sundkaj 115, 1. th, 2150 Nordhavn",0101,Egentlig beboelseslejlighed,Eget køkken med afløb,"Bolig i etageejendom, flerfamiliehus eller to-familiehus",Badeværelse i enheden,192, 2,192,Vandskyllende toilet i enheden,5, 2,-
472," Sundkaj 111, 3. th 2150 Nordhavn ",7695000.0,2020-06-02, Handelstype Alm. frit salg,https://www.boliga.dk//salg/info/101/40881/36179ED1-03CB-4F9C-AF39-CEBBA85ACE02,https://www.boliga.dk//bbrinfo/36179ed1-03cb-4f9c-af39-cebba85ace02,"(55.70962786, 12.59889477)","Sundkaj 111, 1. th, 2150 Nordhavn",0101,Egentlig beboelseslejlighed,Eget køkken med afløb,"Bolig i etageejendom, flerfamiliehus eller to-familiehus",Badeværelse i enheden,126, 1,126,Vandskyllende toilet i enheden,3, 2,-
473," Sundkaj 113, 1. th 2150 Nordhavn ",5195000.0,2020-06-02, Handelstype Alm. frit salg,https://www.boliga.dk//salg/info/101/40888/C2D722B1-018B-4105-A8A7-0FFBDFE361C8,https://www.boliga.dk//bbrinfo/c2d722b1-018b-4105-a8a7-0ffbdfe361c8,"(55.70958324, 12.59911417)","Sundkaj 113, 5., 2150 Nordhavn",0101,Egentlig beboelseslejlighed,Eget køkken med afløb,"Bolig i etageejendom, flerfamiliehus eller to-familiehus",Badeværelse i enheden,84, 1,84,Vandskyllende toilet i enheden,3, 1,-
474," Sundkaj 101, 4 2150 Nordhavn ",10000000.0,2020-06-02, Handelstype Alm. frit salg,https://www.boliga.dk//salg/info/101/40872/7FD6E583-28A6-456C-A127-5269019D0BD9,https://www.boliga.dk//bbrinfo/7fd6e583-28a6-456c-a127-5269019d0bd9,"(55.70975964, 12.5988779)","Sundkaj 101, 4., 2150 Nordhavn",0101,Egentlig beboelseslejlighed,Eget køkken med afløb,"Bolig i etageejendom, flerfamiliehus eller to-familiehus",Badeværelse i enheden,151, 2,151,Vandskyllende toilet i enheden,4, 2,-
475," Sundkaj 101, st. tv 2150 Nordhavn ",3195000.0,2020-06-02, Handelstype Alm. frit salg,https://www.boliga.dk//salg/info/101/40863/2A767C45-63CF-4D17-8347-8ED66A4226B3,https://www.boliga.dk//bbrinfo/2a767c45-63cf-4d17-8347-8ed66a4226b3,"(55.70975964, 12.5988779)","Sundkaj 101, 4., 2150 Nordhavn",0101,Egentlig beboelseslejlighed,Eget køkken med afløb,"Bolig i etageejendom, flerfamiliehus eller to-familiehus",Badeværelse i enheden,63, 1,63,Vandskyllende toilet i enheden,2, 1,-
476," Sundkaj 111, st. tv 2150 Nordhavn ",6795000.0,2020-06-02, Handelstype Alm. frit salg,https://www.boliga.dk//salg/info/101/40873/DF0A51D3-1701-4CC8-B7CE-10DAB92802FB,https://www.boliga.dk//bbrinfo/df0a51d3-1701-4cc8-b7ce-10dab92802fb,"(55.70962786, 12.59889477)","Sundkaj 111, 1. th, 2150 Nordhavn",0101,Egentlig beboelseslejlighed,Eget køkken med afløb,"Bolig i etageejendom, flerfamiliehus eller to-familiehus",Badeværelse i enheden,115, 1,115,Vandskyllende toilet i enheden,3, 2,-
477," Sundkaj 115, 4. th 2150 Nordhavn ",5695000.0,2020-06-02, Handelstype Alm. frit salg,https://www.boliga.dk//salg/info/101/40908/69BE1DE2-765A-4985-B202-BF4A2A35B00D,https://www.boliga.dk//bbrinfo/69be1de2-765a-4985-b202-bf4a2a35b00d,"(55.70953913, 12.59933107)","Sundkaj 115, 1. th, 2150 Nordhavn",0101,Egentlig beboelseslejlighed,Eget køkken med afløb,"Bolig i etageejendom, flerfamiliehus eller to-familiehus",Badeværelse i enheden,83, 1,83,Vandskyllende toilet i enheden,3, 1,-
478," Sundkaj 111, 1. tv 2150 Nordhavn ",5150000.0,2020-06-02, Handelstype Alm. frit salg,https://www.boliga.dk//salg/info/101/40876/6A068D5E-9DDF-4E8A-8EEC-3F4D8E634651,https://www.boliga.dk//bbrinfo/6a068d5e-9ddf-4e8a-8eec-3f4d8e634651,"(55.70962786, 12.59889477)","Sundkaj 111, 1. th, 2150 Nordhavn",0101,Egentlig beboelseslejlighed,Eget køkken med afløb,"Bolig i etageejendom, flerfamiliehus eller to-familiehus",Badeværelse i enheden,88, 1,88,Vandskyllende toilet i enheden,3, 1,-
479," Sundkaj 113, 4. th 2150 Nordhavn ",5545000.0,2020-06-02, Handelstype Alm. frit salg,https://www.boliga.dk//salg/info/101/40896/E8D919D6-50A7-4D82-9613-AFCAA3A6419C,https://www.boliga.dk//bbrinfo/e8d919d6-50a7-4d82-9613-afcaa3a6419c,"(55.70958324, 12.59911417)","Sundkaj 113, 5., 2150 Nordhavn",0101,Egentlig beboelseslejlighed,Eget køkken med afløb,"Bolig i etageejendom, flerfamiliehus eller to-familiehus",Badeværelse i enheden,84, 1,84,Vandskyllende toilet i enheden,3, 1,-
480," Sundkaj 105, 2. tv 2150 Nordhavn ",2845000.0,2020-06-02, Handelstype Alm. frit salg,https://www.boliga.dk//salg/info/101/40845/8723EE15-C278-4FE1-A928-6E7AD675FAF7,https://www.boliga.dk//bbrinfo/8723ee15-c278-4fe1-a928-6e7ad675faf7,"(55.70985112, 12.59917752)","Sundkaj 105, 1. th, 2150 Nordhavn",0101,Egentlig beboelseslejlighed,Eget køkken med afløb,"Bolig i etageejendom, flerfamiliehus eller to-familiehus",Badeværelse i enheden,49, 1,49,Vandskyllende toilet i enheden,2, 1,-
481," Sundkaj 111, 2. th 2150 Nordhavn ",7495000.0,2020-06-02, Handelstype Alm. frit salg,https://www.boliga.dk//salg/info/101/40878/A67B787D-6F80-4684-A768-17B1A4FA3926,https://www.boliga.dk//bbrinfo/a67b787d-6f80-4684-a768-17b1a4fa3926,"(55.70962786, 12.59889477)","Sundkaj 111, 1. th, 2150 Nordhavn",0101,Egentlig beboelseslejlighed,Eget køkken med afløb,"Bolig i etageejendom, flerfamiliehus eller to-familiehus",Badeværelse i enheden,126, 1,126,Vandskyllende toilet i enheden,3, 2,-
482," Sundkaj 111, 4. tv 2150 Nordhavn ",5595000.0,2020-06-02, Handelstype Alm. frit salg,https://www.boliga.dk//salg/info/101/40884/0187BF25-E8EC-47E8-85BD-A6AD354B18FF,https://www.boliga.dk//bbrinfo/0187bf25-e8ec-47e8-85bd-a6ad354b18ff,"(55.70962786, 12.59889477)","Sundkaj 111, 1. th, 2150 Nordhavn",0101,Egentlig beboelseslejlighed,Eget køkken med afløb,"Bolig i etageejendom, flerfamiliehus eller to-familiehus",Badeværelse i enheden,88, 1,88,Vandskyllende toilet i enheden,3, 1,-
483," Sundkaj 113, st. th 2150 Nordhavn ",4600000.0,2020-06-02, Handelstype Alm. frit salg,https://www.boliga.dk//salg/info/101/40886/3A0A017E-BCE0-491B-A44F-1D14DFC9FF96,https://www.boliga.dk//bbrinfo/3a0a017e-bce0-491b-a44f-1d14dfc9ff96,"(55.70958324, 12.59911417)","Sundkaj 113, 5., 2150 Nordhavn",0101,Egentlig beboelseslejlighed,Eget køkken med afløb,"Bolig i etageejendom, flerfamiliehus eller to-familiehus",Badeværelse i enheden,72, 1,72,Vandskyllende toilet i enheden,3, 1,-
484," Sundkaj 113, 5 2150 Nordhavn ",14600000.0,2020-06-02, Handelstype Alm. frit salg,https://www.boliga.dk//salg/info/101/40898/2E55DFF1-7DD8-4F05-B2A1-F1280CFF8421,https://www.boliga.dk//bbrinfo/2e55dff1-7dd8-4f05-b2a1-f1280cff8421,"(55.70958324, 12.59911417)","Sundkaj 113, 5., 2150 Nordhavn",0101,Egentlig beboelseslejlighed,Eget køkken med afløb,"Bolig i etageejendom, flerfamiliehus eller to-familiehus",Badeværelse i enheden,186, 2,186,Vandskyllende toilet i enheden,5, 2,-
485," Sundkaj 115, 3. th 2150 Nordhavn ",5695000.0,2020-06-02, Handelstype Alm. frit salg,https://www.boliga.dk//salg/info/101/40906/DC71305F-B2B2-4A4F-881A-85C6098672D3,https://www.boliga.dk//bbrinfo/dc71305f-b2b2-4a4f-881a-85c6098672d3,"(55.70953913, 12.59933107)","Sundkaj 115, 1. th, 2150 Nordhavn",0101,Egentlig beboelseslejlighed,Eget køkken med afløb,"Bolig i etageejendom, flerfamiliehus eller to-familiehus",Badeværelse i enheden,83, 1,83,Vandskyllende toilet i enheden,3, 1,-
486," Sundkaj 85, st. mf 2150 Nordhavn ",3150000.0,2020-05-02, Handelstype Alm. frit salg,https://www.boliga.dk//salg/info/101/34156/8E4B192B-70FC-4472-86D2-8EE818E9DFD0,https://www.boliga.dk//bbrinfo/8e4b192b-70fc-4472-86d2-8ee818e9dfd0,"(55.70997625, 12.59869483)","Sundkaj 85, 1. mf, 2150 Nordhavn",0101,Egentlig beboelseslejlighed,Eget køkken med afløb,"Bolig i etageejendom, flerfamiliehus eller to-familiehus",Badeværelse i enheden,63, 1,63,Vandskyllende toilet i enheden,2, 1,-
487," Sundkaj 85, st. mf 2150 Nordhavn ",2995000.0,2018-06-02, Handelstype Alm. frit salg,https://www.boliga.dk//salg/info/101/34156/8E4B192B-70FC-4472-86D2-8EE818E9DFD0,https://www.boliga.dk//bbrinfo/8e4b192b-70fc-4472-86d2-8ee818e9dfd0,"(55.70997625, 12.59869483)","Sundkaj 85, 1. mf, 2150 Nordhavn",0101,Egentlig beboelseslejlighed,Eget køkken med afløb,"Bolig i etageejendom, flerfamiliehus eller to-familiehus",Badeværelse i enheden,63, 1,63,Vandskyllende toilet i enheden,2, 1,-
488," Helsinkigade 18, 9. 1 2150 Nordhavn ",10562500.0,2020-04-01, Handelstype Alm. frit salg,https://www.boliga.dk//salg/info/101/21595/70D0BA9B-0505-4327-AC6E-5DAE88552291,https://www.boliga.dk//bbrinfo/70d0ba9b-0505-4327-ac6e-5dae88552291,"(55.70798351, 12.59704886)","Helsinkigade 18, 2. 2, 2150 Nordhavn",0101,Egentlig beboelseslejlighed,Eget køkken med afløb,"Bolig i etageejendom, flerfamiliehus eller to-familiehus",Badeværelse i enheden,142, 2,142,Vandskyllende toilet i enheden,4, 2,-
489," Helsinkigade 18, 9. 1 2150 Nordhavn ",7701668.0,2015-04-02, Handelstype Alm. frit salg,https://www.boliga.dk//salg/info/101/21595/70D0BA9B-0505-4327-AC6E-5DAE88552291,https://www.boliga.dk//bbrinfo/70d0ba9b-0505-4327-ac6e-5dae88552291,"(55.70798351, 12.59704886)","Helsinkigade 18, 2. 2, 2150 Nordhavn",0101,Egentlig beboelseslejlighed,Eget køkken med afløb,"Bolig i etageejendom, flerfamiliehus eller to-familiehus",Badeværelse i enheden,142, 2,142,Vandskyllende toilet i enheden,4, 2,-
490," Helsinkigade 23, 2. th 2150 Nordhavn ",5200000.0,2020-03-01, Handelstype Alm. frit salg,https://www.boliga.dk//salg/info/101/18765/104039E0-B952-4AFD-99FA-134EAC8E7BBC,https://www.boliga.dk//bbrinfo/104039e0-b952-4afd-99fa-134eac8e7bbc,"(55.70829786, 12.59659491)","Helsinkigade 23, 1. th, 2150 Nordhavn",0101,Egentlig beboelseslejlighed,Eget køkken med afløb,"Bolig i etageejendom, flerfamiliehus eller to-familiehus",Badeværelse i enheden,99, 1,99,Vandskyllende toilet i enheden,4, 1,-
491," Helsinkigade 23, 2. th 2150 Nordhavn ",3495000.0,2014-06-30, Handelstype Alm. frit salg,https://www.boliga.dk//salg/info/101/18765/104039E0-B952-4AFD-99FA-134EAC8E7BBC,https://www.boliga.dk//bbrinfo/104039e0-b952-4afd-99fa-134eac8e7bbc,"(55.70829786, 12.59659491)","Helsinkigade 23, 1. th, 2150 Nordhavn",0101,Egentlig beboelseslejlighed,Eget køkken med afløb,"Bolig i etageejendom, flerfamiliehus eller to-familiehus",Badeværelse i enheden,99, 1,99,Vandskyllende toilet i enheden,4, 1,-
492," Sundkaj 87, 2. tv 2150 Nordhavn ",5279000.0,2020-03-01, Handelstype Alm. frit salg,https://www.boliga.dk//salg/info/101/34117/BC1F5A9A-B3D2-41F0-93CD-EDED60F1F599,https://www.boliga.dk//bbrinfo/bc1f5a9a-b3d2-41f0-93cd-eded60f1f599,"(55.7097076, 12.59801986)","Sundkaj 87, 1. th, 2150 Nordhavn",0101,Egentlig beboelseslejlighed,Eget køkken med afløb,"Bolig i etageejendom, flerfamiliehus eller to-familiehus",Badeværelse i enheden,96, 1,96,Vandskyllende toilet i enheden,4, 1,-
493," Sundkaj 87, 2. tv 2150 Nordhavn ",4995000.0,2017-08-01, Handelstype Alm. frit salg,https://www.boliga.dk//salg/info/101/34117/BC1F5A9A-B3D2-41F0-93CD-EDED60F1F599,https://www.boliga.dk//bbrinfo/bc1f5a9a-b3d2-41f0-93cd-eded60f1f599,"(55.7097076, 12.59801986)","Sundkaj 87, 1. th, 2150 Nordhavn",0101,Egentlig beboelseslejlighed,Eget køkken med afløb,"Bolig i etageejendom, flerfamiliehus eller to-familiehus",Badeværelse i enheden,96, 1,96,Vandskyllende toilet i enheden,4, 1,-
494," Sandkaj 13, 1. th 2150 Nordhavn ",9500000.0,2020-01-01, Handelstype Alm. frit salg,https://www.boliga.dk//salg/info/101/21453/132CD9AB-443D-42FC-8FAC-7E1542A19E52,https://www.boliga.dk//bbrinfo/132cd9ab-443d-42fc-8fac-7e1542a19e52,"(55.70631673, 12.5937128)","Sandkaj 13, 1. th, 2150 Nordhavn",0101,Egentlig beboelseslejlighed,Eget køkken med afløb,"Bolig i etageejendom, flerfamiliehus eller to-familiehus",Badeværelse i enheden,134, 2,134,Vandskyllende toilet i enheden,4, 2,-
495," Sandkaj 13, 1. th 2150 Nordhavn ",7450000.0,2016-03-01, Handelstype Alm. frit salg,https://www.boliga.dk//salg/info/101/21453/132CD9AB-443D-42FC-8FAC-7E1542A19E52,https://www.boliga.dk//bbrinfo/132cd9ab-443d-42fc-8fac-7e1542a19e52,"(55.70631673, 12.5937128)","Sandkaj 13, 1. th, 2150 Nordhavn",0101,Egentlig beboelseslejlighed,Eget køkken med afløb,"Bolig i etageejendom, flerfamiliehus eller to-familiehus",Badeværelse i enheden,134, 2,134,Vandskyllende toilet i enheden,4, 2,-
496," Sundkaj 91, st. tv 2150 Nordhavn ",3800000.0,2020-01-01, Handelstype Alm. frit salg,https://www.boliga.dk//salg/info/101/34080/491EA76E-57CB-4E0E-B148-D08416BB65E9,https://www.boliga.dk//bbrinfo/491ea76e-57cb-4e0e-b148-d08416bb65e9,"(55.70966782, 12.5985478)","Sundkaj 91, 1. mf, 2150 Nordhavn",0101,Egentlig beboelseslejlighed,Eget køkken med afløb,"Bolig i etageejendom, flerfamiliehus eller to-familiehus",Badeværelse i enheden,77, 1,77,Vandskyllende toilet i enheden,2, 1,-
497," Sundkaj 91, st. tv 2150 Nordhavn ",3695000.0,2017-01-01, Handelstype Alm. frit salg,https://www.boliga.dk//salg/info/101/34080/491EA76E-57CB-4E0E-B148-D08416BB65E9,https://www.boliga.dk//bbrinfo/491ea76e-57cb-4e0e-b148-d08416bb65e9,"(55.70966782, 12.5985478)","Sundkaj 91, 1. mf, 2150 Nordhavn",0101,Egentlig beboelseslejlighed,Eget køkken med afløb,"Bolig i etageejendom, flerfamiliehus eller to-familiehus",Badeværelse i enheden,77, 1,77,Vandskyllende toilet i enheden,2, 1,-
498," Sundkaj 75, 1. th 2150 Nordhavn ",3250000.0,2020-05-10, Handelstype Alm. frit salg,https://www.boliga.dk//salg/info/101/27084/5B0F7C56-EFEC-4538-AA01-1BF09491C92B,https://www.boliga.dk//bbrinfo/5b0f7c56-efec-4538-aa01-1bf09491c92b,"(55.71005876, 12.59775928)","Sundkaj 75, 4., 2150 Nordhavn",0101,Egentlig beboelseslejlighed,Eget køkken med afløb,"Bolig i etageejendom, flerfamiliehus eller to-familiehus",Badeværelse i enheden,70, 1,70,Vandskyllende toilet i enheden,2, 1,400 V el fra værk
499," Sundkaj 75, 1. th 2150 Nordhavn ",3000000.0,2018-05-01, Handelstype Familieoverdragelse,https://www.boliga.dk//salg/info/101/27084/5B0F7C56-EFEC-4538-AA01-1BF09491C92B,https://www.boliga.dk//bbrinfo/5b0f7c56-efec-4538-aa01-1bf09491c92b,"(55.71005876, 12.59775928)","Sundkaj 75, 4., 2150 Nordhavn",0101,Egentlig beboelseslejlighed,Eget køkken med afløb,"Bolig i etageejendom, flerfamiliehus eller to-familiehus",Badeværelse i enheden,70, 1,70,Vandskyllende toilet i enheden,2, 1,400 V el fra værk
500," Sundkaj 75, 1. th 2150 Nordhavn ",3095000.0,2017-04-02, Handelstype Alm. frit salg,https://www.boliga.dk//salg/info/101/27084/5B0F7C56-EFEC-4538-AA01-1BF09491C92B,https://www.boliga.dk//bbrinfo/5b0f7c56-efec-4538-aa01-1bf09491c92b,"(55.71005876, 12.59775928)","Sundkaj 75, 4., 2150 Nordhavn",0101,Egentlig beboelseslejlighed,Eget køkken med afløb,"Bolig i etageejendom, flerfamiliehus eller to-familiehus",Badeværelse i enheden,70, 1,70,Vandskyllende toilet i enheden,2, 1,400 V el fra værk
501," Sundkaj 39, 2. tv 2150 Nordhavn ",6600000.0,2020-04-01, Handelstype Alm. frit salg,https://www.boliga.dk//salg/info/101/40008/70FDE14B-1A49-4091-836F-5A8839D0EA0A,https://www.boliga.dk//bbrinfo/70fde14b-1a49-4091-836f-5a8839d0ea0a,"(55.71035998, 12.59583756)","Sundkaj 39, 1. th, 2150 Nordhavn",0101,Egentlig beboelseslejlighed,Eget køkken med afløb,"Bolig i etageejendom, flerfamiliehus eller to-familiehus",Badeværelse i enheden,136, 1,136,Vandskyllende toilet i enheden,5, 1,-
502," Sundkaj 103, 1. th 2150 Nordhavn ",3225000.0,2020-04-02, Handelstype Alm. frit salg,https://www.boliga.dk//salg/info/101/40866/AFABBD74-83F2-49A5-8C28-A30B49566926,https://www.boliga.dk//bbrinfo/afabbd74-83f2-49a5-8c28-a30b49566926,"(55.70988704, 12.59900148)","Sundkaj 103, 1. th, 2150 Nordhavn",0101,Egentlig beboelseslejlighed,Eget køkken med afløb,"Bolig i etageejendom, flerfamiliehus eller to-familiehus",Badeværelse i enheden,61, 1,61,Vandskyllende toilet i enheden,2, 1,-
503," Sundkaj 107, 2. th 2150 Nordhavn ",2895000.0,2020-04-01, Handelstype Alm. frit salg,https://www.boliga.dk//salg/info/101/40850/855A1959-F97E-4FD7-AD7D-152F9E1F555B,https://www.boliga.dk//bbrinfo/855a1959-f97e-4fd7-ad7d-152f9e1f555b,"(55.70981838, 12.59933805)","Sundkaj 107, 1. th, 2150 Nordhavn",0101,Egentlig beboelseslejlighed,Eget køkken med afløb,"Bolig i etageejendom, flerfamiliehus eller to-familiehus",Badeværelse i enheden,49, 1,49,Vandskyllende toilet i enheden,2, 1,-
504," Sundkaj 103, st. tv 2150 Nordhavn ",2995000.0,2020-04-01, Handelstype Alm. frit salg,https://www.boliga.dk//salg/info/101/40841/B3D9AEAF-7FE2-47FD-8C3C-C6F5C9EC232A,https://www.boliga.dk//bbrinfo/b3d9aeaf-7fe2-47fd-8c3c-c6f5c9ec232a,"(55.70988704, 12.59900148)","Sundkaj 103, 1. th, 2150 Nordhavn",0101,Egentlig beboelseslejlighed,Eget køkken med afløb,"Bolig i etageejendom, flerfamiliehus eller to-familiehus",Badeværelse i enheden,62, 1,62,Vandskyllende toilet i enheden,2, 1,-
505," Sundkaj 103, 1. tv 2150 Nordhavn ",2595000.0,2020-04-01, Handelstype Alm. frit salg,https://www.boliga.dk//salg/info/101/40877/C178E230-EAAD-4335-96C4-F5E90371F6C2,https://www.boliga.dk//bbrinfo/c178e230-eaad-4335-96c4-f5e90371f6c2,"(55.70988704, 12.59900148)","Sundkaj 103, 1. th, 2150 Nordhavn",0101,Egentlig beboelseslejlighed,Eget køkken med afløb,"Bolig i etageejendom, flerfamiliehus eller to-familiehus",Badeværelse i enheden,49, 1,49,Vandskyllende toilet i enheden,2, 1,-
506," Sundkaj 109, st. mf 2150 Nordhavn ",4095000.0,2020-01-03, Handelstype Alm. frit salg,https://www.boliga.dk//salg/info/101/40855/46C7C7E5-4763-4AD3-91EA-68D87BE7E6A4,https://www.boliga.dk//bbrinfo/46c7c7e5-4763-4ad3-91ea-68d87be7e6a4,"(55.70971898, 12.59950214)","Sundkaj 109, 1. mf, 2150 Nordhavn",0101,Egentlig beboelseslejlighed,Eget køkken med afløb,"Bolig i etageejendom, flerfamiliehus eller to-familiehus",Badeværelse i enheden,64, 1,64,Vandskyllende toilet i enheden,2, 1,-
507," Sundkaj 107, 2. tv 2150 Nordhavn ",3400000.0,2020-03-30, Handelstype Alm. frit salg,https://www.boliga.dk//salg/info/101/40851/BCC9AE67-416B-4D43-B8D9-B263EE069C25,https://www.boliga.dk//bbrinfo/bcc9ae67-416b-4d43-b8d9-b263ee069c25,"(55.70981838, 12.59933805)","Sundkaj 107, 1. th, 2150 Nordhavn",0101,Egentlig beboelseslejlighed,Eget køkken med afløb,"Bolig i etageejendom, flerfamiliehus eller to-familiehus",Badeværelse i enheden,62, 1,62,Vandskyllende toilet i enheden,2, 1,-
508," Sundkaj 103, st. th 2150 Nordhavn ",2195000.0,2020-03-30, Handelstype Alm. frit salg,https://www.boliga.dk//salg/info/101/40854/316D51DF-E1CB-406D-A5F4-5D35F7AA02CB,https://www.boliga.dk//bbrinfo/316d51df-e1cb-406d-a5f4-5d35f7aa02cb,"(55.70988704, 12.59900148)","Sundkaj 103, 1. th, 2150 Nordhavn",0101,Egentlig beboelseslejlighed,Eget køkken med afløb,"Bolig i etageejendom, flerfamiliehus eller to-familiehus",Badeværelse i enheden,44, 1,44,Vandskyllende toilet i enheden,2, 1,-
509," Sundkaj 103, 2. th 2150 Nordhavn ",3395000.0,2020-03-30, Handelstype Alm. frit salg,https://www.boliga.dk//salg/info/101/40890/AADC56AF-F5AF-4D33-9A23-09B920990BAC,https://www.boliga.dk//bbrinfo/aadc56af-f5af-4d33-9a23-09b920990bac,"(55.70988704, 12.59900148)","Sundkaj 103, 1. th, 2150 Nordhavn",0101,Egentlig beboelseslejlighed,Eget køkken med afløb,"Bolig i etageejendom, flerfamiliehus eller to-familiehus",Badeværelse i enheden,61, 1,61,Vandskyllende toilet i enheden,2, 1,-
510," Sundkaj 107, 1. tv 2150 Nordhavn ",3295000.0,2020-07-02, Handelstype Alm. frit salg,https://www.boliga.dk//salg/info/101/40849/A4CA5C09-1565-4040-AD3C-0D3D7BD11733,https://www.boliga.dk//bbrinfo/a4ca5c09-1565-4040-ad3c-0d3d7bd11733,"(55.70981838, 12.59933805)","Sundkaj 107, 1. th, 2150 Nordhavn",0101,Egentlig beboelseslejlighed,Eget køkken med afløb,"Bolig i etageejendom, flerfamiliehus eller to-familiehus",Badeværelse i enheden,62, 1,62,Vandskyllende toilet i enheden,2, 1,-
511," Sundkaj 107, 1. tv 2150 Nordhavn ",3465000.0,2020-02-01, Handelstype Alm. frit salg,https://www.boliga.dk//salg/info/101/40849/A4CA5C09-1565-4040-AD3C-0D3D7BD11733,https://www.boliga.dk//bbrinfo/a4ca5c09-1565-4040-ad3c-0d3d7bd11733,"(55.70981838, 12.59933805)","Sundkaj 107, 1. th, 2150 Nordhavn",0101,Egentlig beboelseslejlighed,Eget køkken med afløb,"Bolig i etageejendom, flerfamiliehus eller to-familiehus",Badeværelse i enheden,62, 1,62,Vandskyllende toilet i enheden,2, 1,-
512," Sundkaj 107, st. tv 2150 Nordhavn ",2495000.0,2020-07-02, Handelstype Alm. frit salg,https://www.boliga.dk//salg/info/101/40846/DDFE0B38-4BA0-47EC-87AF-F0A20CEEF9A7,https://www.boliga.dk//bbrinfo/ddfe0b38-4ba0-47ec-87af-f0a20ceef9a7,"(55.70981838, 12.59933805)","Sundkaj 107, 1. th, 2150 Nordhavn",0101,Egentlig beboelseslejlighed,Eget køkken med afløb,"Bolig i etageejendom, flerfamiliehus eller to-familiehus",Badeværelse i enheden,44, 1,44,Vandskyllende toilet i enheden,2, 1,-
513," Sandkaj 17, st. th 2150 Nordhavn ",8100000.0,2020-03-02, Handelstype Alm. frit salg,https://www.boliga.dk//salg/info/101/21477/8FEAF483-EAFF-40B6-91A7-9F318C53F4D1,https://www.boliga.dk//bbrinfo/8feaf483-eaff-40b6-91a7-9f318c53f4d1,"(55.70637451, 12.59427245)","Sandkaj 17, 1. th, 2150 Nordhavn",0101,Egentlig beboelseslejlighed,Eget køkken med afløb,"Bolig i etageejendom, flerfamiliehus eller to-familiehus",Badeværelse i enheden,146, 2,146,Vandskyllende toilet i enheden,3, 2,-
514," Sandkaj 17, st. th 2150 Nordhavn ",6495000.0,2016-05-02, Handelstype Alm. frit salg,https://www.boliga.dk//salg/info/101/21477/8FEAF483-EAFF-40B6-91A7-9F318C53F4D1,https://www.boliga.dk//bbrinfo/8feaf483-eaff-40b6-91a7-9f318c53f4d1,"(55.70637451, 12.59427245)","Sandkaj 17, 1. th, 2150 Nordhavn",0101,Egentlig beboelseslejlighed,Eget køkken med afløb,"Bolig i etageejendom, flerfamiliehus eller to-familiehus",Badeværelse i enheden,146, 2,146,Vandskyllende toilet i enheden,3, 2,-
515," Murmanskgade 1, 1. th 2150 Nordhavn ",7600000.0,2020-02-02, Handelstype Alm. frit salg,https://www.boliga.dk//salg/info/101/17585/701F2495-1A44-44A5-A220-6642B96328EB,https://www.boliga.dk//bbrinfo/701f2495-1a44-44a5-a220-6642b96328eb,"(55.70691325, 12.59860775)","Murmanskgade 1, 1. mf, 2150 Nordhavn",0101,Egentlig beboelseslejlighed,Eget køkken med afløb,"Bolig i etageejendom, flerfamiliehus eller to-familiehus",Badeværelse i enheden,135, 1,135,Vandskyllende toilet i enheden,4, 1,400 V el fra værk
516," Murmanskgade 1, 1. th 2150 Nordhavn ",7195000.0,2016-03-02, Handelstype Alm. frit salg,https://www.boliga.dk//salg/info/101/17585/701F2495-1A44-44A5-A220-6642B96328EB,https://www.boliga.dk//bbrinfo/701f2495-1a44-44a5-a220-6642b96328eb,"(55.70691325, 12.59860775)","Murmanskgade 1, 1. mf, 2150 Nordhavn",0101,Egentlig beboelseslejlighed,Eget køkken med afløb,"Bolig i etageejendom, flerfamiliehus eller to-familiehus",Badeværelse i enheden,135, 1,135,Vandskyllende toilet i enheden,4, 1,400 V el fra værk
517," Helsinkigade 29, 7. tv 2150 Nordhavn ",1381250.0,2020-02-01, Handelstype Familieoverdragelse,https://www.boliga.dk//salg/info/101/23302/550F03B9-98A9-4754-9396-0F19C2C318E6,https://www.boliga.dk//bbrinfo/550f03b9-98a9-4754-9396-0f19c2c318e6,"(55.70806117, 12.59788684)","Helsinkigade 29, 2150 Nordhavn",0101,Egentlig beboelseslejlighed,Eget køkken med afløb,"Bolig i etageejendom, flerfamiliehus eller to-familiehus",Badeværelse i enheden,146, 1,146,Vandskyllende toilet i enheden,3, 2,400 V el fra værk
518," Helsinkigade 29, 7. tv 2150 Nordhavn ",10000000.0,2018-04-02, Handelstype Alm. frit salg,https://www.boliga.dk//salg/info/101/23302/550F03B9-98A9-4754-9396-0F19C2C318E6,https://www.boliga.dk//bbrinfo/550f03b9-98a9-4754-9396-0f19c2c318e6,"(55.70806117, 12.59788684)","Helsinkigade 29, 2150 Nordhavn",0101,Egentlig beboelseslejlighed,Eget køkken med afløb,"Bolig i etageejendom, flerfamiliehus eller to-familiehus",Badeværelse i enheden,146, 1,146,Vandskyllende toilet i enheden,3, 2,400 V el fra værk
519," Helsinkigade 29, 7. tv 2150 Nordhavn ",8152346.0,2017-01-02, Handelstype Alm. frit salg,https://www.boliga.dk//salg/info/101/23302/550F03B9-98A9-4754-9396-0F19C2C318E6,https://www.boliga.dk//bbrinfo/550f03b9-98a9-4754-9396-0f19c2c318e6,"(55.70806117, 12.59788684)","Helsinkigade 29, 2150 Nordhavn",0101,Egentlig beboelseslejlighed,Eget køkken med afløb,"Bolig i etageejendom, flerfamiliehus eller to-familiehus",Badeværelse i enheden,146, 1,146,Vandskyllende toilet i enheden,3, 2,400 V el fra værk
520," Sundkaj 33, 4. th 2150 Nordhavn ",6000000.0,2020-03-10, Handelstype Alm. frit salg,https://www.boliga.dk//salg/info/101/39969/7CC53D51-216A-4117-B026-1ACC5CE89E26,https://www.boliga.dk//bbrinfo/7cc53d51-216a-4117-b026-1acc5ce89e26,"(55.71038191, 12.59642643)","Sundkaj 33, 1. mf, 2150 Nordhavn",0101,Egentlig beboelseslejlighed,Eget køkken med afløb,"Bolig i etageejendom, flerfamiliehus eller to-familiehus",Badeværelse i enheden,131, 1,131,Vandskyllende toilet i enheden,3, 1,-
521," Sandkaj 13, 5. tv 2150 Nordhavn ",10295000.0,2020-03-09, Handelstype Alm. frit salg,https://www.boliga.dk//salg/info/101/21461/956C6A76-6F10-4BE9-B204-CBD78065D179,https://www.boliga.dk//bbrinfo/956c6a76-6f10-4be9-b204-cbd78065d179,"(55.70631673, 12.5937128)","Sandkaj 13, 1. th, 2150 Nordhavn",0101,Egentlig beboelseslejlighed,Eget køkken med afløb,"Bolig i etageejendom, flerfamiliehus eller to-familiehus",Badeværelse i enheden,126, 2,126,Vandskyllende toilet i enheden,4, 2,-
522," Sandkaj 13, 5. tv 2150 Nordhavn ",7850000.0,2015-04-07, Handelstype Alm. frit salg,https://www.boliga.dk//salg/info/101/21461/956C6A76-6F10-4BE9-B204-CBD78065D179,https://www.boliga.dk//bbrinfo/956c6a76-6f10-4be9-b204-cbd78065d179,"(55.70631673, 12.5937128)","Sandkaj 13, 1. th, 2150 Nordhavn",0101,Egentlig beboelseslejlighed,Eget køkken med afløb,"Bolig i etageejendom, flerfamiliehus eller to-familiehus",Badeværelse i enheden,126, 2,126,Vandskyllende toilet i enheden,4, 2,-
523," Helsinkigade 20, 4. 3 2150 Nordhavn ",2500000.0,2020-03-05, Handelstype Salg i øvrigt,https://www.boliga.dk//salg/info/101/21619/8DD172DC-BCA4-4BDC-9B61-4552A8241BC5,https://www.boliga.dk//bbrinfo/8dd172dc-bca4-4bdc-9b61-4552a8241bc5,"(55.70792825, 12.59733266)","Helsinkigade 20, 10., 2150 Nordhavn",0101,Egentlig beboelseslejlighed,Eget køkken med afløb,"Bolig i etageejendom, flerfamiliehus eller to-familiehus",Badeværelse i enheden,90, 1,90,Vandskyllende toilet i enheden,2, 1,-
524," Helsinkigade 20, 4. 3 2150 Nordhavn ",4100000.0,2018-08-02, Handelstype Alm. frit salg,https://www.boliga.dk//salg/info/101/21619/8DD172DC-BCA4-4BDC-9B61-4552A8241BC5,https://www.boliga.dk//bbrinfo/8dd172dc-bca4-4bdc-9b61-4552a8241bc5,"(55.70792825, 12.59733266)","Helsinkigade 20, 10., 2150 Nordhavn",0101,Egentlig beboelseslejlighed,Eget køkken med afløb,"Bolig i etageejendom, flerfamiliehus eller to-familiehus",Badeværelse i enheden,90, 1,90,Vandskyllende toilet i enheden,2, 1,-
525," Helsinkigade 20, 4. 3 2150 Nordhavn ",3646506.0,2014-02-01, Handelstype Alm. frit salg,https://www.boliga.dk//salg/info/101/21619/8DD172DC-BCA4-4BDC-9B61-4552A8241BC5,https://www.boliga.dk//bbrinfo/8dd172dc-bca4-4bdc-9b61-4552a8241bc5,"(55.70792825, 12.59733266)","Helsinkigade 20, 10., 2150 Nordhavn",0101,Egentlig beboelseslejlighed,Eget køkken med afløb,"Bolig i etageejendom, flerfamiliehus eller to-familiehus",Badeværelse i enheden,90, 1,90,Vandskyllende toilet i enheden,2, 1,-
526," Sandkaj 13, 4. tv 2150 Nordhavn ",9995000.0,2020-09-01, Handelstype Alm. frit salg,https://www.boliga.dk//salg/info/101/21458/B5D065FE-50E9-40FA-9078-44540D64D1F8,https://www.boliga.dk//bbrinfo/b5d065fe-50e9-40fa-9078-44540d64d1f8,"(55.70631673, 12.5937128)","Sandkaj 13, 1. th, 2150 Nordhavn",0101,Egentlig beboelseslejlighed,Eget køkken med afløb,"Bolig i etageejendom, flerfamiliehus eller to-familiehus",Badeværelse i enheden,126, 2,126,Vandskyllende toilet i enheden,4, 2,-
527," Sandkaj 13, 4. tv 2150 Nordhavn ",7395000.0,2016-03-02, Handelstype Alm. frit salg,https://www.boliga.dk//salg/info/101/21458/B5D065FE-50E9-40FA-9078-44540D64D1F8,https://www.boliga.dk//bbrinfo/b5d065fe-50e9-40fa-9078-44540d64d1f8,"(55.70631673, 12.5937128)","Sandkaj 13, 1. th, 2150 Nordhavn",0101,Egentlig beboelseslejlighed,Eget køkken med afløb,"Bolig i etageejendom, flerfamiliehus eller to-familiehus",Badeværelse i enheden,126, 2,126,Vandskyllende toilet i enheden,4, 2,-
528," Sundkaj 67, 1. th 2150 Nordhavn ",5800000.0,2020-04-01, Handelstype Alm. frit salg,https://www.boliga.dk//salg/info/101/27130/E2948927-75BE-4F41-B0B2-6B6C6853F68C,https://www.boliga.dk//bbrinfo/e2948927-75be-4f41-b0b2-6b6c6853f68c,"(55.70992515, 12.5969924)","Sundkaj 67, 5., 2150 Nordhavn",0101,Egentlig beboelseslejlighed,Eget køkken med afløb,"Bolig i etageejendom, flerfamiliehus eller to-familiehus",Badeværelse i enheden,128, 2,128,Vandskyllende toilet i enheden,4, 2,400 V el fra værk
529," Sundkaj 39, 1. th 2150 Nordhavn ",5800000.0,2020-04-01, Handelstype Alm. frit salg,https://www.boliga.dk//salg/info/101/40005/3D70432D-88BA-49AC-A498-072468D59427,https://www.boliga.dk//bbrinfo/3d70432d-88ba-49ac-a498-072468d59427,"(55.71035998, 12.59583756)","Sundkaj 39, 1. th, 2150 Nordhavn",0101,Egentlig beboelseslejlighed,Eget køkken med afløb,"Bolig i etageejendom, flerfamiliehus eller to-familiehus",Badeværelse i enheden,112, 1,112,Vandskyllende toilet i enheden,5, 1,-
530," Sundkaj 91, 4. mf 2150 Nordhavn ",7295000.0,2020-02-10, Handelstype Alm. frit salg,https://www.boliga.dk//salg/info/101/34094/9638CCF4-4633-4B73-A812-8F5E3D9E655D,https://www.boliga.dk//bbrinfo/9638ccf4-4633-4b73-a812-8f5e3d9e655d,"(55.70966782, 12.5985478)","Sundkaj 91, 1. mf, 2150 Nordhavn",0101,Egentlig beboelseslejlighed,Eget køkken med afløb,"Bolig i etageejendom, flerfamiliehus eller to-familiehus",Badeværelse i enheden,105, 1,105,Vandskyllende toilet i enheden,3, 1,-
531," Sundkaj 91, 4. mf 2150 Nordhavn ",5870000.0,2017-09-05, Handelstype Alm. frit salg,https://www.boliga.dk//salg/info/101/34094/9638CCF4-4633-4B73-A812-8F5E3D9E655D,https://www.boliga.dk//bbrinfo/9638ccf4-4633-4b73-a812-8f5e3d9e655d,"(55.70966782, 12.5985478)","Sundkaj 91, 1. mf, 2150 Nordhavn",0101,Egentlig beboelseslejlighed,Eget køkken med afløb,"Bolig i etageejendom, flerfamiliehus eller to-familiehus",Badeværelse i enheden,105, 1,105,Vandskyllende toilet i enheden,3, 1,-
532," Århusgade 142, 4. mf 2150 Nordhavn ",2800000.0,2020-02-03, Handelstype Alm. frit salg,https://www.boliga.dk//salg/info/101/15832/A40CE401-0BCE-40D7-AC7B-89B0434056AD,https://www.boliga.dk//bbrinfo/a40ce401-0bce-40d7-ac7b-89b0434056ad,"(55.70766809, 12.59612213)","Århusgade 142, 1. mf, 2150 Nordhavn",0101,Egentlig beboelseslejlighed,Eget køkken med afløb,"Bolig i etageejendom, flerfamiliehus eller to-familiehus",Badeværelse i enheden,111, 1,111,Vandskyllende toilet i enheden,4, 1,-
533," Århusgade 142, 4. mf 2150 Nordhavn ",3923106.0,2013-08-05, Handelstype Alm. frit salg,https://www.boliga.dk//salg/info/101/15832/A40CE401-0BCE-40D7-AC7B-89B0434056AD,https://www.boliga.dk//bbrinfo/a40ce401-0bce-40d7-ac7b-89b0434056ad,"(55.70766809, 12.59612213)","Århusgade 142, 1. mf, 2150 Nordhavn",0101,Egentlig beboelseslejlighed,Eget køkken med afløb,"Bolig i etageejendom, flerfamiliehus eller to-familiehus",Badeværelse i enheden,111, 1,111,Vandskyllende toilet i enheden,4, 1,-
534," Trelleborggade 20, st. tv 2150 Nordhavn ",4850000.0,2020-01-03, Handelstype Alm. frit salg,https://www.boliga.dk//salg/info/101/21433/93FBE041-58E7-4172-8C4C-96C68F8F9F56,https://www.boliga.dk//bbrinfo/93fbe041-58e7-4172-8c4c-96c68f8f9f56,"(55.70667705, 12.59415088)","Trelleborggade 20, 5., 2150 Nordhavn",0101,Egentlig beboelseslejlighed,Eget køkken med afløb,"Bolig i etageejendom, flerfamiliehus eller to-familiehus",Badeværelse i enheden,96, 2,96,Vandskyllende toilet i enheden,3, 2,-
535," Trelleborggade 20, st. tv 2150 Nordhavn ",3895000.0,2015-01-02, Handelstype Alm. frit salg,https://www.boliga.dk//salg/info/101/21433/93FBE041-58E7-4172-8C4C-96C68F8F9F56,https://www.boliga.dk//bbrinfo/93fbe041-58e7-4172-8c4c-96c68f8f9f56,"(55.70667705, 12.59415088)","Trelleborggade 20, 5., 2150 Nordhavn",0101,Egentlig beboelseslejlighed,Eget køkken med afløb,"Bolig i etageejendom, flerfamiliehus eller to-familiehus",Badeværelse i enheden,96, 2,96,Vandskyllende toilet i enheden,3, 2,-
536," Sundkaj 39, 1. tv 2150 Nordhavn ",6545000.0,2020-08-02, Handelstype Alm. frit salg,https://www.boliga.dk//salg/info/101/40006/5A883179-2521-4ED5-8DA5-D2DD6EF45138,https://www.boliga.dk//bbrinfo/5a883179-2521-4ed5-8da5-d2dd6ef45138,"(55.71035998, 12.59583756)","Sundkaj 39, 1. th, 2150 Nordhavn",0101,Egentlig beboelseslejlighed,Eget køkken med afløb,"Bolig i etageejendom, flerfamiliehus eller to-familiehus",Badeværelse i enheden,136, 1,136,Vandskyllende toilet i enheden,5, 1,-
537," Sundkaj 35, 3. mf 2150 Nordhavn ",5300000.0,2020-08-02, Handelstype Alm. frit salg,https://www.boliga.dk//salg/info/101/39980/9F956BB1-1719-4AFF-8AC8-685C96548BD6,https://www.boliga.dk//bbrinfo/9f956bb1-1719-4aff-8ac8-685c96548bd6,"(55.71027646, 12.59630391)","Sundkaj 35, 1. mf, 2150 Nordhavn",0101,Egentlig beboelseslejlighed,Eget køkken med afløb,"Bolig i etageejendom, flerfamiliehus eller to-familiehus",Badeværelse i enheden,102, 1,102,Vandskyllende toilet i enheden,4, 1,-
538," Sundkaj 35, 3. mf 2150 Nordhavn ",4995000.0,2018-05-02, Handelstype Alm. frit salg,https://www.boliga.dk//salg/info/101/39980/9F956BB1-1719-4AFF-8AC8-685C96548BD6,https://www.boliga.dk//bbrinfo/9f956bb1-1719-4aff-8ac8-685c96548bd6,"(55.71027646, 12.59630391)","Sundkaj 35, 1. mf, 2150 Nordhavn",0101,Egentlig beboelseslejlighed,Eget køkken med afløb,"Bolig i etageejendom, flerfamiliehus eller to-familiehus",Badeværelse i enheden,102, 1,102,Vandskyllende toilet i enheden,4, 1,-
539," Fortkaj 30, 7. tv 2150 Nordhavn ",9000000.0,2020-01-02, Handelstype Salg i øvrigt,https://www.boliga.dk//salg/info/101/23284/E7117E6D-9AA3-42FB-8243-E9CDD275BE5E,https://www.boliga.dk//bbrinfo/e7117e6d-9aa3-42fb-8243-e9cdd275be5e,"(55.70839574, 12.59807131)","Fortkaj 30, 2150 Nordhavn",0101,Egentlig beboelseslejlighed,Eget køkken med afløb,"Bolig i etageejendom, flerfamiliehus eller to-familiehus",Badeværelse i enheden,138, 1,138,Vandskyllende toilet i enheden,4, 1,400 V el fra værk
540," Fortkaj 30, 7. tv 2150 Nordhavn ",7009206.0,2017-01-02, Handelstype Alm. frit salg,https://www.boliga.dk//salg/info/101/23284/E7117E6D-9AA3-42FB-8243-E9CDD275BE5E,https://www.boliga.dk//bbrinfo/e7117e6d-9aa3-42fb-8243-e9cdd275be5e,"(55.70839574, 12.59807131)","Fortkaj 30, 2150 Nordhavn",0101,Egentlig beboelseslejlighed,Eget køkken med afløb,"Bolig i etageejendom, flerfamiliehus eller to-familiehus",Badeværelse i enheden,138, 1,138,Vandskyllende toilet i enheden,4, 1,400 V el fra værk
541," Fortkaj 20, 4. tv 2150 Nordhavn ",7450000.0,2020-07-01, Handelstype Alm. frit salg,https://www.boliga.dk//salg/info/101/18714/D273FDA3-1E7B-4378-B802-E4E8A308E07A,https://www.boliga.dk//bbrinfo/d273fda3-1e7b-4378-b802-e4e8a308e07a,"(55.70865592, 12.59648753)","Fortkaj 20, 1. th, 2150 Nordhavn",0101,Egentlig beboelseslejlighed,Eget køkken med afløb,"Bolig i etageejendom, flerfamiliehus eller to-familiehus",Badeværelse i enheden,142, 2,142,Vandskyllende toilet i enheden,5, 2,-
542," Fortkaj 20, 4. tv 2150 Nordhavn ",6845000.0,2015-05-01, Handelstype Alm. frit salg,https://www.boliga.dk//salg/info/101/18714/D273FDA3-1E7B-4378-B802-E4E8A308E07A,https://www.boliga.dk//bbrinfo/d273fda3-1e7b-4378-b802-e4e8a308e07a,"(55.70865592, 12.59648753)","Fortkaj 20, 1. th, 2150 Nordhavn",0101,Egentlig beboelseslejlighed,Eget køkken med afløb,"Bolig i etageejendom, flerfamiliehus eller to-familiehus",Badeværelse i enheden,142, 2,142,Vandskyllende toilet i enheden,5, 2,-
543," Sankt Petersborg Plads 2, st. tv 2150 Nordhavn ",5750000.0,2020-04-01, Handelstype Alm. frit salg,https://www.boliga.dk//salg/info/101/17539/4B3DB9C6-63C8-4FAC-8A5C-84B5E83E1879,https://www.boliga.dk//bbrinfo/4b3db9c6-63c8-4fac-8a5c-84b5e83e1879,"(55.70718713, 12.59799196)","Sankt Petersborg Plads 2, 2. th, 2150 Nordhavn",0101,Egentlig beboelseslejlighed,Eget køkken med afløb,"Bolig i etageejendom, flerfamiliehus eller to-familiehus",Badeværelse i enheden,131, 1,131,Vandskyllende toilet i enheden,3, 1,400 V el fra værk
544," Sankt Petersborg Plads 2, st. tv 2150 Nordhavn ",3995000.0,2014-03-04, Handelstype Alm. frit salg,https://www.boliga.dk//salg/info/101/17539/4B3DB9C6-63C8-4FAC-8A5C-84B5E83E1879,https://www.boliga.dk//bbrinfo/4b3db9c6-63c8-4fac-8a5c-84b5e83e1879,"(55.70718713, 12.59799196)","Sankt Petersborg Plads 2, 2. th, 2150 Nordhavn",0101,Egentlig beboelseslejlighed,Eget køkken med afløb,"Bolig i etageejendom, flerfamiliehus eller to-familiehus",Badeværelse i enheden,131, 1,131,Vandskyllende toilet i enheden,3, 1,400 V el fra værk
545," Trelleborggade 16, 4. tv 2150 Nordhavn ",6325000.0,2020-01-08, Handelstype Alm. frit salg,https://www.boliga.dk//salg/info/101/21419/E7A9CF62-50F9-4DE8-B0FF-4330FD4804BD,https://www.boliga.dk//bbrinfo/e7a9cf62-50f9-4de8-b0ff-4330fd4804bd,"(55.70663372, 12.59374543)","Trelleborggade 16, 1. th, 2150 Nordhavn",0101,Egentlig beboelseslejlighed,Eget køkken med afløb,"Bolig i etageejendom, flerfamiliehus eller to-familiehus",Badeværelse i enheden,106, 1,106,Vandskyllende toilet i enheden,4, 1,-
546," Trelleborggade 16, 4. tv 2150 Nordhavn ",5195000.0,2015-05-06, Handelstype Alm. frit salg,https://www.boliga.dk//salg/info/101/21419/E7A9CF62-50F9-4DE8-B0FF-4330FD4804BD,https://www.boliga.dk//bbrinfo/e7a9cf62-50f9-4de8-b0ff-4330fd4804bd,"(55.70663372, 12.59374543)","Trelleborggade 16, 1. th, 2150 Nordhavn",0101,Egentlig beboelseslejlighed,Eget køkken med afløb,"Bolig i etageejendom, flerfamiliehus eller to-familiehus",Badeværelse i enheden,106, 1,106,Vandskyllende toilet i enheden,4, 1,-
547," Sundkaj 39, 3. tv 2150 Nordhavn ",6795000.0,2019-12-20, Handelstype Alm. frit salg,https://www.boliga.dk//salg/info/101/40010/EFC83555-B469-45AF-BE06-38226B2D634B,https://www.boliga.dk//bbrinfo/efc83555-b469-45af-be06-38226b2d634b,"(55.71035998, 12.59583756)","Sundkaj 39, 1. th, 2150 Nordhavn",0101,Egentlig beboelseslejlighed,Eget køkken med afløb,"Bolig i etageejendom, flerfamiliehus eller to-familiehus",Badeværelse i enheden,136, 1,136,Vandskyllende toilet i enheden,5, 1,-
548," Antwerpengade 13, 2. 6 2150 Nordhavn ",6275000.0,2019-08-01, Handelstype Alm. frit salg,https://www.boliga.dk//salg/info/101/16533/76AC631D-2C06-4232-BB22-30A94D53EB21,https://www.boliga.dk//bbrinfo/76ac631d-2c06-4232-bb22-30a94d53eb21,"(55.70731023, 12.5960295)","Antwerpengade 13, 1. 1, 2150 Nordhavn",0101,Egentlig beboelseslejlighed,Eget køkken med afløb,"Bolig i etageejendom, flerfamiliehus eller to-familiehus",Badeværelse i enheden,132, 2,132,Vandskyllende toilet i enheden,5, 2,-
549," Antwerpengade 13, 2. 6 2150 Nordhavn ",5950000.0,2017-02-02, Handelstype Alm. frit salg,https://www.boliga.dk//salg/info/101/16533/76AC631D-2C06-4232-BB22-30A94D53EB21,https://www.boliga.dk//bbrinfo/76ac631d-2c06-4232-bb22-30a94d53eb21,"(55.70731023, 12.5960295)","Antwerpengade 13, 1. 1, 2150 Nordhavn",0101,Egentlig beboelseslejlighed,Eget køkken med afløb,"Bolig i etageejendom, flerfamiliehus eller to-familiehus",Badeværelse i enheden,132, 2,132,Vandskyllende toilet i enheden,5, 2,-
550," Helsinkigade 18, 8. 2 2150 Nordhavn ",1850000.0,2019-06-01, Handelstype Familieoverdragelse,https://www.boliga.dk//salg/info/101/21592/6E800444-C9BD-42B4-AA9C-F810BBBB3C01,https://www.boliga.dk//bbrinfo/6e800444-c9bd-42b4-aa9c-f810bbbb3c01,"(55.70798351, 12.59704886)","Helsinkigade 18, 2. 2, 2150 Nordhavn",0101,Egentlig beboelseslejlighed,Eget køkken med afløb,"Bolig i etageejendom, flerfamiliehus eller to-familiehus",Badeværelse i enheden,84, 1,84,Vandskyllende toilet i enheden,2, 1,-
551," Helsinkigade 18, 8. 2 2150 Nordhavn ",5450000.0,2019-11-04, Handelstype Alm. frit salg,https://www.boliga.dk//salg/info/101/21592/6E800444-C9BD-42B4-AA9C-F810BBBB3C01,https://www.boliga.dk//bbrinfo/6e800444-c9bd-42b4-aa9c-f810bbbb3c01,"(55.70798351, 12.59704886)","Helsinkigade 18, 2. 2, 2150 Nordhavn",0101,Egentlig beboelseslejlighed,Eget køkken med afløb,"Bolig i etageejendom, flerfamiliehus eller to-familiehus",Badeværelse i enheden,84, 1,84,Vandskyllende toilet i enheden,2, 1,-
552," Helsinkigade 18, 8. 2 2150 Nordhavn ",5050000.0,2018-02-08, Handelstype Alm. frit salg,https://www.boliga.dk//salg/info/101/21592/6E800444-C9BD-42B4-AA9C-F810BBBB3C01,https://www.boliga.dk//bbrinfo/6e800444-c9bd-42b4-aa9c-f810bbbb3c01,"(55.70798351, 12.59704886)","Helsinkigade 18, 2. 2, 2150 Nordhavn",0101,Egentlig beboelseslejlighed,Eget køkken med afløb,"Bolig i etageejendom, flerfamiliehus eller to-familiehus",Badeværelse i enheden,84, 1,84,Vandskyllende toilet i enheden,2, 1,-
553," Helsinkigade 18, 8. 2 2150 Nordhavn ",3740136.0,2014-09-08, Handelstype Alm. frit salg,https://www.boliga.dk//salg/info/101/21592/6E800444-C9BD-42B4-AA9C-F810BBBB3C01,https://www.boliga.dk//bbrinfo/6e800444-c9bd-42b4-aa9c-f810bbbb3c01,"(55.70798351, 12.59704886)","Helsinkigade 18, 2. 2, 2150 Nordhavn",0101,Egentlig beboelseslejlighed,Eget køkken med afløb,"Bolig i etageejendom, flerfamiliehus eller to-familiehus",Badeværelse i enheden,84, 1,84,Vandskyllende toilet i enheden,2, 1,-
554," Århusgade 131A, 5. tv 2150 Nordhavn ",4195000.0,2019-12-09, Handelstype Alm. frit salg,https://www.boliga.dk//salg/info/101/19609/F4B36727-DC0B-4911-B316-C68ED960BBBF,https://www.boliga.dk//bbrinfo/f4b36727-dc0b-4911-b316-c68ed960bbbf,"(55.70773906, 12.59402888)","Århusgade 131A, 1. mf, 2150 Nordhavn",0101,Egentlig beboelseslejlighed,Eget køkken med afløb,"Bolig i etageejendom, flerfamiliehus eller to-familiehus",Badeværelse i enheden,69, 1,69,Vandskyllende toilet i enheden,2, 1,230 V el fra værk
555," Århusgade 131A, 5. tv 2150 Nordhavn ",3113798.0,2015-05-07, Handelstype Alm. frit salg,https://www.boliga.dk//salg/info/101/19609/F4B36727-DC0B-4911-B316-C68ED960BBBF,https://www.boliga.dk//bbrinfo/f4b36727-dc0b-4911-b316-c68ed960bbbf,"(55.70773906, 12.59402888)","Århusgade 131A, 1. mf, 2150 Nordhavn",0101,Egentlig beboelseslejlighed,Eget køkken med afløb,"Bolig i etageejendom, flerfamiliehus eller to-familiehus",Badeværelse i enheden,69, 1,69,Vandskyllende toilet i enheden,2, 1,230 V el fra værk
556," Sundkaj 83, 2. th 2150 Nordhavn ",4250000.0,2019-12-06, Handelstype Alm. frit salg,https://www.boliga.dk//salg/info/101/34154/17CB823C-FA41-406F-92E3-7DF7B97A8E60,https://www.boliga.dk//bbrinfo/17cb823c-fa41-406f-92e3-7df7b97a8e60,"(55.71002934, 12.59843335)","Sundkaj 83, 1. th, 2150 Nordhavn",0101,Egentlig beboelseslejlighed,Eget køkken med afløb,"Bolig i etageejendom, flerfamiliehus eller to-familiehus",Badeværelse i enheden,88, 1,88,Vandskyllende toilet i enheden,2, 1,-
557," Helsinkigade 19, 3 2150 Nordhavn ",5295000.0,2019-12-03, Handelstype Alm. frit salg,https://www.boliga.dk//salg/info/101/18749/76AFD94B-4BF3-4E55-8FFE-11051EEF97D7,https://www.boliga.dk//bbrinfo/76afd94b-4bf3-4e55-8ffe-11051eef97d7,"(55.70837293, 12.59617516)","Helsinkigade 19, 3., 2150 Nordhavn",0101,Egentlig beboelseslejlighed,Eget køkken med afløb,"Bolig i etageejendom, flerfamiliehus eller to-familiehus",Badeværelse i enheden,106, 1,106,Vandskyllende toilet i enheden,4, 1,-
558," Helsinkigade 19, 3 2150 Nordhavn ",3335000.0,2018-07-01, Handelstype Familieoverdragelse,https://www.boliga.dk//salg/info/101/18749/76AFD94B-4BF3-4E55-8FFE-11051EEF97D7,https://www.boliga.dk//bbrinfo/76afd94b-4bf3-4e55-8ffe-11051eef97d7,"(55.70837293, 12.59617516)","Helsinkigade 19, 3., 2150 Nordhavn",0101,Egentlig beboelseslejlighed,Eget køkken med afløb,"Bolig i etageejendom, flerfamiliehus eller to-familiehus",Badeværelse i enheden,106, 1,106,Vandskyllende toilet i enheden,4, 1,-
559," Helsinkigade 19, 3 2150 Nordhavn ",3795000.0,2014-09-01, Handelstype Alm. frit salg,https://www.boliga.dk//salg/info/101/18749/76AFD94B-4BF3-4E55-8FFE-11051EEF97D7,https://www.boliga.dk//bbrinfo/76afd94b-4bf3-4e55-8ffe-11051eef97d7,"(55.70837293, 12.59617516)","Helsinkigade 19, 3., 2150 Nordhavn",0101,Egentlig beboelseslejlighed,Eget køkken med afløb,"Bolig i etageejendom, flerfamiliehus eller to-familiehus",Badeværelse i enheden,106, 1,106,Vandskyllende toilet i enheden,4, 1,-
560," Helsinkigade 18, 5. 1 2150 Nordhavn ",8450000.0,2019-02-02, Handelstype Alm. frit salg,https://www.boliga.dk//salg/info/101/21578/041FAD41-E55B-4238-AAA0-65500F370BAA,https://www.boliga.dk//bbrinfo/041fad41-e55b-4238-aaa0-65500f370baa,"(55.70798351, 12.59704886)","Helsinkigade 18, 2. 2, 2150 Nordhavn",0101,Egentlig beboelseslejlighed,Eget køkken med afløb,"Bolig i etageejendom, flerfamiliehus eller to-familiehus",Badeværelse i enheden,142, 2,142,Vandskyllende toilet i enheden,4, 2,-
561," Helsinkigade 18, 5. 1 2150 Nordhavn ",6850189.0,2015-06-08, Handelstype Alm. frit salg,https://www.boliga.dk//salg/info/101/21578/041FAD41-E55B-4238-AAA0-65500F370BAA,https://www.boliga.dk//bbrinfo/041fad41-e55b-4238-aaa0-65500f370baa,"(55.70798351, 12.59704886)","Helsinkigade 18, 2. 2, 2150 Nordhavn",0101,Egentlig beboelseslejlighed,Eget køkken med afløb,"Bolig i etageejendom, flerfamiliehus eller to-familiehus",Badeværelse i enheden,142, 2,142,Vandskyllende toilet i enheden,4, 2,-
562," Trelleborggade 2, 1. mf 2150 Nordhavn ",3170000.0,2019-11-20, Handelstype Alm. frit salg,https://www.boliga.dk//salg/info/101/18801/5840B365-E9B3-4B52-9429-D0E05C67D2F5,https://www.boliga.dk//bbrinfo/5840b365-e9b3-4b52-9429-d0e05c67d2f5,"(55.70624485, 12.59183821)","Trelleborggade 2, 2. mf, 2150 Nordhavn",0101,Egentlig beboelseslejlighed,Eget køkken med afløb,"Bolig i etageejendom, flerfamiliehus eller to-familiehus",Badeværelse i enheden,71, 1,71,Vandskyllende toilet i enheden,2, 1,-
563," Trelleborggade 2, 1. mf 2150 Nordhavn ",2995000.0,2015-05-01, Handelstype Alm. frit salg,https://www.boliga.dk//salg/info/101/18801/5840B365-E9B3-4B52-9429-D0E05C67D2F5,https://www.boliga.dk//bbrinfo/5840b365-e9b3-4b52-9429-d0e05c67d2f5,"(55.70624485, 12.59183821)","Trelleborggade 2, 2. mf, 2150 Nordhavn",0101,Egentlig beboelseslejlighed,Eget køkken med afløb,"Bolig i etageejendom, flerfamiliehus eller to-familiehus",Badeværelse i enheden,71, 1,71,Vandskyllende toilet i enheden,2, 1,-
564," Fortkaj 20, 1. tv 2150 Nordhavn ",6175000.0,2019-06-01, Handelstype Alm. frit salg,https://www.boliga.dk//salg/info/101/18707/9E6649D3-1E2E-470A-971E-41377F49B728,https://www.boliga.dk//bbrinfo/9e6649d3-1e2e-470a-971e-41377f49b728,"(55.70865592, 12.59648753)","Fortkaj 20, 1. th, 2150 Nordhavn",0101,Egentlig beboelseslejlighed,Eget køkken med afløb,"Bolig i etageejendom, flerfamiliehus eller to-familiehus",Badeværelse i enheden,121, 1,121,Vandskyllende toilet i enheden,4, 1,-
565," Fortkaj 20, 1. tv 2150 Nordhavn ",5295000.0,2014-06-30, Handelstype Alm. frit salg,https://www.boliga.dk//salg/info/101/18707/9E6649D3-1E2E-470A-971E-41377F49B728,https://www.boliga.dk//bbrinfo/9e6649d3-1e2e-470a-971e-41377f49b728,"(55.70865592, 12.59648753)","Fortkaj 20, 1. th, 2150 Nordhavn",0101,Egentlig beboelseslejlighed,Eget køkken med afløb,"Bolig i etageejendom, flerfamiliehus eller to-familiehus",Badeværelse i enheden,121, 1,121,Vandskyllende toilet i enheden,4, 1,-
566," Århusgade 131A, 2. tv 2150 Nordhavn ",2185000.0,2019-05-01, Handelstype Alm. frit salg,https://www.boliga.dk//salg/info/101/19599/BB97327E-D2A9-4502-9AB8-6165B8A47952,https://www.boliga.dk//bbrinfo/bb97327e-d2a9-4502-9ab8-6165b8a47952,"(55.70773906, 12.59402888)","Århusgade 131A, 1. mf, 2150 Nordhavn",0101,Egentlig beboelseslejlighed,Eget køkken med afløb,"Bolig i etageejendom, flerfamiliehus eller to-familiehus",Badeværelse i enheden,69, 1,69,Vandskyllende toilet i enheden,2, 1,230 V el fra værk
567," Århusgade 131A, 2. tv 2150 Nordhavn ",2895000.0,2015-09-02, Handelstype Alm. frit salg,https://www.boliga.dk//salg/info/101/19599/BB97327E-D2A9-4502-9AB8-6165B8A47952,https://www.boliga.dk//bbrinfo/bb97327e-d2a9-4502-9ab8-6165b8a47952,"(55.70773906, 12.59402888)","Århusgade 131A, 1. mf, 2150 Nordhavn",0101,Egentlig beboelseslejlighed,Eget køkken med afløb,"Bolig i etageejendom, flerfamiliehus eller to-familiehus",Badeværelse i enheden,69, 1,69,Vandskyllende toilet i enheden,2, 1,230 V el fra værk
568," Sundkaj 3, 4. tv 2150 Nordhavn ",5300000.0,2019-02-01, Handelstype Alm. frit salg,https://www.boliga.dk//salg/info/101/33576/AE856D35-4D4F-401B-8473-47F74C8B504A,https://www.boliga.dk//bbrinfo/ae856d35-4d4f-401b-8473-47f74c8b504a,"(55.71032371, 12.59541217)","Sundkaj 3, 3. th, 2150 Nordhavn",0101,Egentlig beboelseslejlighed,Eget køkken med afløb,"Bolig i etageejendom, flerfamiliehus eller to-familiehus",Badeværelse i enheden,93, 1,93,Vandskyllende toilet i enheden,3, 1,-
569," Sundkaj 3, 4. tv 2150 Nordhavn ",4531191.0,2016-02-02, Handelstype Alm. frit salg,https://www.boliga.dk//salg/info/101/33576/AE856D35-4D4F-401B-8473-47F74C8B504A,https://www.boliga.dk//bbrinfo/ae856d35-4d4f-401b-8473-47f74c8b504a,"(55.71032371, 12.59541217)","Sundkaj 3, 3. th, 2150 Nordhavn",0101,Egentlig beboelseslejlighed,Eget køkken med afløb,"Bolig i etageejendom, flerfamiliehus eller to-familiehus",Badeværelse i enheden,93, 1,93,Vandskyllende toilet i enheden,3, 1,-
570," Sundkaj 35, 1. mf 2150 Nordhavn ",4795000.0,2019-01-01, Handelstype Alm. frit salg,https://www.boliga.dk//salg/info/101/39973/E84AAFA4-EFF5-40FF-9C1E-20293D3C8285,https://www.boliga.dk//bbrinfo/e84aafa4-eff5-40ff-9c1e-20293d3c8285,"(55.71027646, 12.59630391)","Sundkaj 35, 1. mf, 2150 Nordhavn",0101,Egentlig beboelseslejlighed,Eget køkken med afløb,"Bolig i etageejendom, flerfamiliehus eller to-familiehus",Badeværelse i enheden,102, 1,102,Vandskyllende toilet i enheden,4, 1,-
571," Sundkaj 35, 4. th 2150 Nordhavn ",4895000.0,2019-11-08, Handelstype Alm. frit salg,https://www.boliga.dk//salg/info/101/39984/CB5068F0-AC19-496A-A153-7316B9495889,https://www.boliga.dk//bbrinfo/cb5068f0-ac19-496a-a153-7316b9495889,"(55.71027646, 12.59630391)","Sundkaj 35, 1. mf, 2150 Nordhavn",0101,Egentlig beboelseslejlighed,Eget køkken med afløb,"Bolig i etageejendom, flerfamiliehus eller to-familiehus",Badeværelse i enheden,81, 1,81,Vandskyllende toilet i enheden,3, 1,-
572," Göteborg Plads 8, 2. th 2150 Nordhavn ",3790000.0,2019-01-03, Handelstype Alm. frit salg,https://www.boliga.dk//salg/info/101/17628/C2508424-E635-4059-B94F-4935B1EEC183,https://www.boliga.dk//bbrinfo/c2508424-e635-4059-b94f-4935b1eec183,"(55.70695451, 12.59774378)","Göteborg Plads 8, 4., 2150 Nordhavn",0101,Egentlig beboelseslejlighed,Eget køkken med afløb,"Bolig i etageejendom, flerfamiliehus eller to-familiehus",Badeværelse i enheden,78, 1,78,Vandskyllende toilet i enheden,2, 1,400 V el fra værk
573," Göteborg Plads 8, 2. th 2150 Nordhavn ",2100000.0,2018-01-03, Handelstype Familieoverdragelse,https://www.boliga.dk//salg/info/101/17628/C2508424-E635-4059-B94F-4935B1EEC183,https://www.boliga.dk//bbrinfo/c2508424-e635-4059-b94f-4935b1eec183,"(55.70695451, 12.59774378)","Göteborg Plads 8, 4., 2150 Nordhavn",0101,Egentlig beboelseslejlighed,Eget køkken med afløb,"Bolig i etageejendom, flerfamiliehus eller to-familiehus",Badeværelse i enheden,78, 1,78,Vandskyllende toilet i enheden,2, 1,400 V el fra værk
574," Göteborg Plads 8, 2. th 2150 Nordhavn ",2195000.0,2013-05-01, Handelstype Alm. frit salg,https://www.boliga.dk//salg/info/101/17628/C2508424-E635-4059-B94F-4935B1EEC183,https://www.boliga.dk//bbrinfo/c2508424-e635-4059-b94f-4935b1eec183,"(55.70695451, 12.59774378)","Göteborg Plads 8, 4., 2150 Nordhavn",0101,Egentlig beboelseslejlighed,Eget køkken med afløb,"Bolig i etageejendom, flerfamiliehus eller to-familiehus",Badeværelse i enheden,78, 1,78,Vandskyllende toilet i enheden,2, 1,400 V el fra værk
575," Helsinkigade 19, 1. th 2150 Nordhavn ",5395000.0,2019-01-03, Handelstype Alm. frit salg,https://www.boliga.dk//salg/info/101/18746/53F1E0BD-4C90-402D-BF80-32CBCC53D334,https://www.boliga.dk//bbrinfo/53f1e0bd-4c90-402d-bf80-32cbcc53d334,"(55.70837293, 12.59617516)","Helsinkigade 19, 3., 2150 Nordhavn",0101,Egentlig beboelseslejlighed,Eget køkken med afløb,"Bolig i etageejendom, flerfamiliehus eller to-familiehus",Badeværelse i enheden,113, 1,113,Vandskyllende toilet i enheden,4, 1,-
576," Helsinkigade 19, 1. th 2150 Nordhavn ",3695000.0,2014-06-02, Handelstype Alm. frit salg,https://www.boliga.dk//salg/info/101/18746/53F1E0BD-4C90-402D-BF80-32CBCC53D334,https://www.boliga.dk//bbrinfo/53f1e0bd-4c90-402d-bf80-32cbcc53d334,"(55.70837293, 12.59617516)","Helsinkigade 19, 3., 2150 Nordhavn",0101,Egentlig beboelseslejlighed,Eget køkken med afløb,"Bolig i etageejendom, flerfamiliehus eller to-familiehus",Badeværelse i enheden,113, 1,113,Vandskyllende toilet i enheden,4, 1,-
577, Sassnitzgade 3 2150 Nordhavn ,18750000.0,2019-01-03, Handelstype Salg i øvrigt,https://www.boliga.dk//salg/info/101/15216/D21CBCCE-073F-4EBD-B342-2E362733E16C,https://www.boliga.dk//bbrinfo/d21cbcce-073f-4ebd-b342-2e362733e16c,"(55.70798607, 12.59466392)","Sassnitzgade 3, 2150 Nordhavn",0101,Egentlig beboelseslejlighed,Eget køkken med afløb,Fritliggende enfamiliehus,Badeværelse i enheden,334, 3,334,Vandskyllende toilet i enheden,10, 3,-
578, Sassnitzgade 3 2150 Nordhavn ,2019113.0,2015-08-01, Handelstype Alm. frit salg,https://www.boliga.dk//salg/info/101/15216/D21CBCCE-073F-4EBD-B342-2E362733E16C,https://www.boliga.dk//bbrinfo/d21cbcce-073f-4ebd-b342-2e362733e16c,"(55.70798607, 12.59466392)","Sassnitzgade 3, 2150 Nordhavn",0101,Egentlig beboelseslejlighed,Eget køkken med afløb,Fritliggende enfamiliehus,Badeværelse i enheden,334, 3,334,Vandskyllende toilet i enheden,10, 3,-
579, Sassnitzgade 3 2150 Nordhavn ,9273600.0,2015-07-02, Handelstype Alm. frit salg,https://www.boliga.dk//salg/info/101/15216/D21CBCCE-073F-4EBD-B342-2E362733E16C,https://www.boliga.dk//bbrinfo/d21cbcce-073f-4ebd-b342-2e362733e16c,"(55.70798607, 12.59466392)","Sassnitzgade 3, 2150 Nordhavn",0101,Egentlig beboelseslejlighed,Eget køkken med afløb,Fritliggende enfamiliehus,Badeværelse i enheden,334, 3,334,Vandskyllende toilet i enheden,10, 3,-
580," Sundkaj 3, 3. th 2150 Nordhavn ",5609000.0,2019-10-30, Handelstype Familieoverdragelse,https://www.boliga.dk//salg/info/101/33575/091DB177-56DB-4695-8264-ECE8070F877C,https://www.boliga.dk//bbrinfo/091db177-56db-4695-8264-ece8070f877c,"(55.71032371, 12.59541217)","Sundkaj 3, 3. th, 2150 Nordhavn",0101,Egentlig beboelseslejlighed,Eget køkken med afløb,"Bolig i etageejendom, flerfamiliehus eller to-familiehus",Badeværelse i enheden,133, 2,133,Vandskyllende toilet i enheden,4, 2,-
581," Sundkaj 3, 3. th 2150 Nordhavn ",6597791.0,2016-11-02, Handelstype Alm. frit salg,https://www.boliga.dk//salg/info/101/33575/091DB177-56DB-4695-8264-ECE8070F877C,https://www.boliga.dk//bbrinfo/091db177-56db-4695-8264-ece8070f877c,"(55.71032371, 12.59541217)","Sundkaj 3, 3. th, 2150 Nordhavn",0101,Egentlig beboelseslejlighed,Eget køkken med afløb,"Bolig i etageejendom, flerfamiliehus eller to-familiehus",Badeværelse i enheden,133, 2,133,Vandskyllende toilet i enheden,4, 2,-
582," Helsinkigade 20, 7. 3 2150 Nordhavn ",5150000.0,2019-04-02, Handelstype Alm. frit salg,https://www.boliga.dk//salg/info/101/21632/62248FF5-6B80-449F-84D5-6D7971D63FE1,https://www.boliga.dk//bbrinfo/62248ff5-6b80-449f-84d5-6d7971d63fe1,"(55.70792825, 12.59733266)","Helsinkigade 20, 10., 2150 Nordhavn",0101,Egentlig beboelseslejlighed,Eget køkken med afløb,"Bolig i etageejendom, flerfamiliehus eller to-familiehus",Badeværelse i enheden,90, 1,90,Vandskyllende toilet i enheden,2, 1,-
583," Helsinkigade 20, 7. 3 2150 Nordhavn ",3975000.0,2014-05-01, Handelstype Alm. frit salg,https://www.boliga.dk//salg/info/101/21632/62248FF5-6B80-449F-84D5-6D7971D63FE1,https://www.boliga.dk//bbrinfo/62248ff5-6b80-449f-84d5-6d7971d63fe1,"(55.70792825, 12.59733266)","Helsinkigade 20, 10., 2150 Nordhavn",0101,Egentlig beboelseslejlighed,Eget køkken med afløb,"Bolig i etageejendom, flerfamiliehus eller to-familiehus",Badeværelse i enheden,90, 1,90,Vandskyllende toilet i enheden,2, 1,-
584," Sundkaj 11, 1. th 2150 Nordhavn ",3475000.0,2019-03-02, Handelstype Alm. frit salg,https://www.boliga.dk//salg/info/101/33616/3733FCFC-1472-4DCA-AF36-B39EE545EF15,https://www.boliga.dk//bbrinfo/3733fcfc-1472-4dca-af36-b39ee545ef15,"(55.71066469, 12.59508637)","Sundkaj 11, 1. mf, 2150 Nordhavn",0101,Egentlig beboelseslejlighed,Eget køkken med afløb,"Bolig i etageejendom, flerfamiliehus eller to-familiehus",Badeværelse i enheden,65, 1,65,Vandskyllende toilet i enheden,2, 1,-
585," Sundkaj 39, st. th 2150 Nordhavn ",4875000.0,2019-01-02, Handelstype Alm. frit salg,https://www.boliga.dk//salg/info/101/40002/DDE80DA7-F7B6-4CA9-BFEB-5E086D70EA71,https://www.boliga.dk//bbrinfo/dde80da7-f7b6-4ca9-bfeb-5e086d70ea71,"(55.71035998, 12.59583756)","Sundkaj 39, 1. th, 2150 Nordhavn",0101,Egentlig beboelseslejlighed,Eget køkken med afløb,"Bolig i etageejendom, flerfamiliehus eller to-familiehus",Badeværelse i enheden,98, 1,98,Vandskyllende toilet i enheden,4, 1,-
586," Helsinkigade 18, 2. 2 2150 Nordhavn ",9995000.0,2019-05-01, Handelstype Alm. frit salg,https://www.boliga.dk//salg/info/101/21567/D64EE044-9E71-4117-A103-CEE9DC12E6D5,https://www.boliga.dk//bbrinfo/d64ee044-9e71-4117-a103-cee9dc12e6d5,"(55.70798351, 12.59704886)","Helsinkigade 18, 2. 2, 2150 Nordhavn",0101,Egentlig beboelseslejlighed,Eget køkken med afløb,"Bolig i etageejendom, flerfamiliehus eller to-familiehus",Badeværelse i enheden,193, 2,193,Vandskyllende toilet i enheden,5, 2,-
587," Helsinkigade 18, 2. 2 2150 Nordhavn ",7139924.0,2014-09-01, Handelstype Alm. frit salg,https://www.boliga.dk//salg/info/101/21567/D64EE044-9E71-4117-A103-CEE9DC12E6D5,https://www.boliga.dk//bbrinfo/d64ee044-9e71-4117-a103-cee9dc12e6d5,"(55.70798351, 12.59704886)","Helsinkigade 18, 2. 2, 2150 Nordhavn",0101,Egentlig beboelseslejlighed,Eget køkken med afløb,"Bolig i etageejendom, flerfamiliehus eller to-familiehus",Badeværelse i enheden,193, 2,193,Vandskyllende toilet i enheden,5, 2,-
588," Sundkaj 31, st. tv 2150 Nordhavn ",2920000.0,2019-04-01, Handelstype Alm. frit salg,https://www.boliga.dk//salg/info/101/40033/1AB64905-4FC9-445B-8550-43FBC07D74E2,https://www.boliga.dk//bbrinfo/1ab64905-4fc9-445b-8550-43fbc07d74e2,"(55.71046692, 12.59624242)","Sundkaj 31, 1. mf, 2150 Nordhavn",0101,Egentlig beboelseslejlighed,Eget køkken med afløb,"Bolig i etageejendom, flerfamiliehus eller to-familiehus",Badeværelse i enheden,69, 1,69,Vandskyllende toilet i enheden,2, 1,-
589," Fortkaj 20, 5. tv 2150 Nordhavn ",9600000.0,2019-10-09, Handelstype Alm. frit salg,https://www.boliga.dk//salg/info/101/18716/49D25823-5346-45E6-8001-F70718F3F5DA,https://www.boliga.dk//bbrinfo/49d25823-5346-45e6-8001-f70718f3f5da,"(55.70865592, 12.59648753)","Fortkaj 20, 1. th, 2150 Nordhavn",0101,Egentlig beboelseslejlighed,Eget køkken med afløb,"Bolig i etageejendom, flerfamiliehus eller to-familiehus",Badeværelse i enheden,173, 2,173,Vandskyllende toilet i enheden,5, 2,-
590," Fortkaj 20, 5. tv 2150 Nordhavn ",8995000.0,2015-03-03, Handelstype Alm. frit salg,https://www.boliga.dk//salg/info/101/18716/49D25823-5346-45E6-8001-F70718F3F5DA,https://www.boliga.dk//bbrinfo/49d25823-5346-45e6-8001-f70718f3f5da,"(55.70865592, 12.59648753)","Fortkaj 20, 1. th, 2150 Nordhavn",0101,Egentlig beboelseslejlighed,Eget køkken med afløb,"Bolig i etageejendom, flerfamiliehus eller to-familiehus",Badeværelse i enheden,173, 2,173,Vandskyllende toilet i enheden,5, 2,-
591," Helsinkigade 20, 3. 4 2150 Nordhavn ",6975000.0,2019-10-08, Handelstype Alm. frit salg,https://www.boliga.dk//salg/info/101/21616/9388FEA4-6939-4937-BC1E-1AF6DC2FDABD,https://www.boliga.dk//bbrinfo/9388fea4-6939-4937-bc1e-1af6dc2fdabd,"(55.70792825, 12.59733266)","Helsinkigade 20, 10., 2150 Nordhavn",0101,Egentlig beboelseslejlighed,Eget køkken med afløb,"Bolig i etageejendom, flerfamiliehus eller to-familiehus",Badeværelse i enheden,151, 2,151,Vandskyllende toilet i enheden,3, 2,-
592," Helsinkigade 20, 3. 4 2150 Nordhavn ",6385897.0,2016-07-06, Handelstype Alm. frit salg,https://www.boliga.dk//salg/info/101/21616/9388FEA4-6939-4937-BC1E-1AF6DC2FDABD,https://www.boliga.dk//bbrinfo/9388fea4-6939-4937-bc1e-1af6dc2fdabd,"(55.70792825, 12.59733266)","Helsinkigade 20, 10., 2150 Nordhavn",0101,Egentlig beboelseslejlighed,Eget køkken med afløb,"Bolig i etageejendom, flerfamiliehus eller to-familiehus",Badeværelse i enheden,151, 2,151,Vandskyllende toilet i enheden,3, 2,-
593," Helsinkigade 23, 3. tv 2150 Nordhavn ",5200000.0,2019-10-04, Handelstype Alm. frit salg,https://www.boliga.dk//salg/info/101/18766/0D060D99-E2C3-419F-9DC0-174732E83547,https://www.boliga.dk//bbrinfo/0d060d99-e2c3-419f-9dc0-174732e83547,"(55.70829786, 12.59659491)","Helsinkigade 23, 1. th, 2150 Nordhavn",0101,Egentlig beboelseslejlighed,Eget køkken med afløb,"Bolig i etageejendom, flerfamiliehus eller to-familiehus",Badeværelse i enheden,102, 1,102,Vandskyllende toilet i enheden,4, 1,-
594," Helsinkigade 23, 3. tv 2150 Nordhavn ",3877199.0,2018-04-01, Handelstype Familieoverdragelse,https://www.boliga.dk//salg/info/101/18766/0D060D99-E2C3-419F-9DC0-174732E83547,https://www.boliga.dk//bbrinfo/0d060d99-e2c3-419f-9dc0-174732e83547,"(55.70829786, 12.59659491)","Helsinkigade 23, 1. th, 2150 Nordhavn",0101,Egentlig beboelseslejlighed,Eget køkken med afløb,"Bolig i etageejendom, flerfamiliehus eller to-familiehus",Badeværelse i enheden,102, 1,102,Vandskyllende toilet i enheden,4, 1,-
595," Helsinkigade 23, 3. tv 2150 Nordhavn ",3850000.0,2014-06-02, Handelstype Alm. frit salg,https://www.boliga.dk//salg/info/101/18766/0D060D99-E2C3-419F-9DC0-174732E83547,https://www.boliga.dk//bbrinfo/0d060d99-e2c3-419f-9dc0-174732e83547,"(55.70829786, 12.59659491)","Helsinkigade 23, 1. th, 2150 Nordhavn",0101,Egentlig beboelseslejlighed,Eget køkken med afløb,"Bolig i etageejendom, flerfamiliehus eller to-familiehus",Badeværelse i enheden,102, 1,102,Vandskyllende toilet i enheden,4, 1,-
596," Sundkaj 91, 2. th 2150 Nordhavn ",5300000.0,2019-10-03, Handelstype Alm. frit salg,https://www.boliga.dk//salg/info/101/34086/A6CBE587-3D2E-4C36-9FB8-87084F928827,https://www.boliga.dk//bbrinfo/a6cbe587-3d2e-4c36-9fb8-87084f928827,"(55.70966782, 12.5985478)","Sundkaj 91, 1. mf, 2150 Nordhavn",0101,Egentlig beboelseslejlighed,Eget køkken med afløb,"Bolig i etageejendom, flerfamiliehus eller to-familiehus",Badeværelse i enheden,86, 1,86,Vandskyllende toilet i enheden,2, 1,-
597," Sundkaj 91, 2. th 2150 Nordhavn ",4670000.0,2017-09-05, Handelstype Alm. frit salg,https://www.boliga.dk//salg/info/101/34086/A6CBE587-3D2E-4C36-9FB8-87084F928827,https://www.boliga.dk//bbrinfo/a6cbe587-3d2e-4c36-9fb8-87084f928827,"(55.70966782, 12.5985478)","Sundkaj 91, 1. mf, 2150 Nordhavn",0101,Egentlig beboelseslejlighed,Eget køkken med afløb,"Bolig i etageejendom, flerfamiliehus eller to-familiehus",Badeværelse i enheden,86, 1,86,Vandskyllende toilet i enheden,2, 1,-
598," Århusgade 131A, 2. th 2150 Nordhavn ",5700000.0,2019-10-01, Handelstype Alm. frit salg,https://www.boliga.dk//salg/info/101/19598/B161E963-3F25-40CB-AC2A-417A738154AA,https://www.boliga.dk//bbrinfo/b161e963-3f25-40cb-ac2a-417a738154aa,"(55.70773906, 12.59402888)","Århusgade 131A, 1. mf, 2150 Nordhavn",0101,Egentlig beboelseslejlighed,Eget køkken med afløb,"Bolig i etageejendom, flerfamiliehus eller to-familiehus",Badeværelse i enheden,130, 2,130,Vandskyllende toilet i enheden,5, 2,230 V el fra værk
599," Århusgade 131A, 2. th 2150 Nordhavn ",4950741.0,2016-03-01, Handelstype Alm. frit salg,https://www.boliga.dk//salg/info/101/19598/B161E963-3F25-40CB-AC2A-417A738154AA,https://www.boliga.dk//bbrinfo/b161e963-3f25-40cb-ac2a-417a738154aa,"(55.70773906, 12.59402888)","Århusgade 131A, 1. mf, 2150 Nordhavn",0101,Egentlig beboelseslejlighed,Eget køkken med afløb,"Bolig i etageejendom, flerfamiliehus eller to-familiehus",Badeværelse i enheden,130, 2,130,Vandskyllende toilet i enheden,5, 2,230 V el fra værk
600," Trelleborggade 4, 3. th 2150 Nordhavn ",6000000.0,2019-07-02, Handelstype Alm. frit salg,https://www.boliga.dk//salg/info/101/18821/AB90DA2E-7A40-40E8-A485-7717A3C51BB4,https://www.boliga.dk//bbrinfo/ab90da2e-7a40-40e8-a485-7717a3c51bb4,"(55.70626356, 12.592053)","Trelleborggade 4, 4. th, 2150 Nordhavn",0101,Egentlig beboelseslejlighed,Eget køkken med afløb,"Bolig i etageejendom, flerfamiliehus eller to-familiehus",Badeværelse i enheden,107, 1,107,Vandskyllende toilet i enheden,3, 1,-
601," Trelleborggade 4, 3. th 2150 Nordhavn ",4995000.0,2016-05-01, Handelstype Alm. frit salg,https://www.boliga.dk//salg/info/101/18821/AB90DA2E-7A40-40E8-A485-7717A3C51BB4,https://www.boliga.dk//bbrinfo/ab90da2e-7a40-40e8-a485-7717a3c51bb4,"(55.70626356, 12.592053)","Trelleborggade 4, 4. th, 2150 Nordhavn",0101,Egentlig beboelseslejlighed,Eget køkken med afløb,"Bolig i etageejendom, flerfamiliehus eller to-familiehus",Badeværelse i enheden,107, 1,107,Vandskyllende toilet i enheden,3, 1,-
602," Helsinkigade 20, 9. 4 2150 Nordhavn ",9845000.0,2019-05-02, Handelstype Alm. frit salg,https://www.boliga.dk//salg/info/101/21642/007C3BB1-80BA-4D62-A3C7-6032E6287C9D,https://www.boliga.dk//bbrinfo/007c3bb1-80ba-4d62-a3c7-6032e6287c9d,"(55.70792825, 12.59733266)","Helsinkigade 20, 10., 2150 Nordhavn",0101,Egentlig beboelseslejlighed,Eget køkken med afløb,"Bolig i etageejendom, flerfamiliehus eller to-familiehus",Badeværelse i enheden,151, 2,151,Vandskyllende toilet i enheden,3, 2,-
603," Helsinkigade 20, 9. 4 2150 Nordhavn ",8138831.0,2016-09-02, Handelstype Alm. frit salg,https://www.boliga.dk//salg/info/101/21642/007C3BB1-80BA-4D62-A3C7-6032E6287C9D,https://www.boliga.dk//bbrinfo/007c3bb1-80ba-4d62-a3c7-6032e6287c9d,"(55.70792825, 12.59733266)","Helsinkigade 20, 10., 2150 Nordhavn",0101,Egentlig beboelseslejlighed,Eget køkken med afløb,"Bolig i etageejendom, flerfamiliehus eller to-familiehus",Badeværelse i enheden,151, 2,151,Vandskyllende toilet i enheden,3, 2,-
604," Sundkaj 37, 1. th 2150 Nordhavn ",5295000.0,2019-09-20, Handelstype Alm. frit salg,https://www.boliga.dk//salg/info/101/39991/7A5625E8-FE0D-42D9-9EC5-8A43C3A1AAB4,https://www.boliga.dk//bbrinfo/7a5625e8-fe0d-42d9-9ec5-8a43c3a1aab4,"(55.71030166, 12.59612398)","Sundkaj 37, 1. th, 2150 Nordhavn",0101,Egentlig beboelseslejlighed,Eget køkken med afløb,"Bolig i etageejendom, flerfamiliehus eller to-familiehus",Badeværelse i enheden,98, 1,98,Vandskyllende toilet i enheden,4, 1,-
605," Sundkaj 43, 3. tv 2150 Nordhavn ",4225000.0,2019-09-20, Handelstype Alm. frit salg,https://www.boliga.dk//salg/info/101/27157/2E757C1E-301E-4F10-9EB3-3A9A190D801C,https://www.boliga.dk//bbrinfo/2e757c1e-301e-4f10-9eb3-3a9a190d801c,"(55.71013056, 12.59669993)","Sundkaj 43, 4., 2150 Nordhavn",0101,Egentlig beboelseslejlighed,Eget køkken med afløb,"Bolig i etageejendom, flerfamiliehus eller to-familiehus",Badeværelse i enheden,85, 1,85,Vandskyllende toilet i enheden,3, 1,400 V el fra værk
606," Sundkaj 43, 3. tv 2150 Nordhavn ",3846940.0,2016-03-02, Handelstype Alm. frit salg,https://www.boliga.dk//salg/info/101/27157/2E757C1E-301E-4F10-9EB3-3A9A190D801C,https://www.boliga.dk//bbrinfo/2e757c1e-301e-4f10-9eb3-3a9a190d801c,"(55.71013056, 12.59669993)","Sundkaj 43, 4., 2150 Nordhavn",0101,Egentlig beboelseslejlighed,Eget køkken med afløb,"Bolig i etageejendom, flerfamiliehus eller to-familiehus",Badeværelse i enheden,85, 1,85,Vandskyllende toilet i enheden,3, 1,400 V el fra værk
607," Sandkaj 17, 5. tv 2150 Nordhavn ",331500.0,2019-08-01, Handelstype Familieoverdragelse,https://www.boliga.dk//salg/info/101/21487/FB59F830-C231-4AF9-AB28-77DF1FE5F5F4,https://www.boliga.dk//bbrinfo/fb59f830-c231-4af9-ab28-77df1fe5f5f4,"(55.70637451, 12.59427245)","Sandkaj 17, 1. th, 2150 Nordhavn",0101,Egentlig beboelseslejlighed,Eget køkken med afløb,"Bolig i etageejendom, flerfamiliehus eller to-familiehus",Badeværelse i enheden,139, 2,139,Vandskyllende toilet i enheden,4, 2,-
608," Sandkaj 17, 5. tv 2150 Nordhavn ",10495000.0,2016-03-02, Handelstype Alm. frit salg,https://www.boliga.dk//salg/info/101/21487/FB59F830-C231-4AF9-AB28-77DF1FE5F5F4,https://www.boliga.dk//bbrinfo/fb59f830-c231-4af9-ab28-77df1fe5f5f4,"(55.70637451, 12.59427245)","Sandkaj 17, 1. th, 2150 Nordhavn",0101,Egentlig beboelseslejlighed,Eget køkken med afløb,"Bolig i etageejendom, flerfamiliehus eller to-familiehus",Badeværelse i enheden,139, 2,139,Vandskyllende toilet i enheden,4, 2,-
609," Sundkaj 37, 5. tv 2150 Nordhavn ",8750000.0,2019-07-01, Handelstype Alm. frit salg,https://www.boliga.dk//salg/info/101/40001/2B1311FE-4201-438D-8485-2FFD3E1ECEF5,https://www.boliga.dk//bbrinfo/2b1311fe-4201-438d-8485-2ffd3e1ecef5,"(55.71030166, 12.59612398)","Sundkaj 37, 1. th, 2150 Nordhavn",0101,Egentlig beboelseslejlighed,Eget køkken med afløb,"Bolig i etageejendom, flerfamiliehus eller to-familiehus",Badeværelse i enheden,131, 1,131,Vandskyllende toilet i enheden,4, 1,-
610," Sundkaj 5, 5. th 2150 Nordhavn ",7000000.0,2019-05-01, Handelstype Alm. frit salg,https://www.boliga.dk//salg/info/101/33590/4B7B6181-46BA-4389-9065-BFC1BE8082DF,https://www.boliga.dk//bbrinfo/4b7b6181-46ba-4389-9065-bfc1be8082df,"(55.71029013, 12.59511509)","Sundkaj 5, 5. th, 2150 Nordhavn",0101,Egentlig beboelseslejlighed,Eget køkken med afløb,"Bolig i etageejendom, flerfamiliehus eller to-familiehus",Badeværelse i enheden,109, 1,109,Vandskyllende toilet i enheden,3, 2,-
611," Sundkaj 5, 5. th 2150 Nordhavn ",6643000.0,2017-02-20, Handelstype Alm. frit salg,https://www.boliga.dk//salg/info/101/33590/4B7B6181-46BA-4389-9065-BFC1BE8082DF,https://www.boliga.dk//bbrinfo/4b7b6181-46ba-4389-9065-bfc1be8082df,"(55.71029013, 12.59511509)","Sundkaj 5, 5. th, 2150 Nordhavn",0101,Egentlig beboelseslejlighed,Eget køkken med afløb,"Bolig i etageejendom, flerfamiliehus eller to-familiehus",Badeværelse i enheden,109, 1,109,Vandskyllende toilet i enheden,3, 2,-
612, Sundkaj 49 2150 Nordhavn ,6000000.0,2019-09-09, Handelstype Alm. frit salg,https://www.boliga.dk//salg/info/101/25465/3B8176CE-06B7-48B0-A8D7-F16DCB8968B5,https://www.boliga.dk//bbrinfo/3b8176ce-06b7-48b0-a8d7-f16dcb8968b5,"(55.71026241, 12.59696274)","Sundkaj 49, 2150 Nordhavn",0101,Egentlig beboelseslejlighed,Eget køkken med afløb,"Række-, kæde- og klyngehus",Badeværelse i enheden,154, 2,154,Vandskyllende toilet i enheden,5, 2,400 V el fra værk
613," Helsinkigade 21, 3. th 2150 Nordhavn ",5325000.0,2019-09-09, Handelstype Alm. frit salg,https://www.boliga.dk//salg/info/101/18758/60B30FF5-C2BA-4906-B8E6-6E5B492202AA,https://www.boliga.dk//bbrinfo/60b30ff5-c2ba-4906-b8e6-6e5b492202aa,"(55.70833562, 12.59638354)","Helsinkigade 21, 4., 2150 Nordhavn",0101,Egentlig beboelseslejlighed,Eget køkken med afløb,"Bolig i etageejendom, flerfamiliehus eller to-familiehus",Badeværelse i enheden,101, 1,101,Vandskyllende toilet i enheden,4, 1,-
614," Helsinkigade 21, 3. th 2150 Nordhavn ",3750000.0,2014-04-01, Handelstype Alm. frit salg,https://www.boliga.dk//salg/info/101/18758/60B30FF5-C2BA-4906-B8E6-6E5B492202AA,https://www.boliga.dk//bbrinfo/60b30ff5-c2ba-4906-b8e6-6e5b492202aa,"(55.70833562, 12.59638354)","Helsinkigade 21, 4., 2150 Nordhavn",0101,Egentlig beboelseslejlighed,Eget køkken med afløb,"Bolig i etageejendom, flerfamiliehus eller to-familiehus",Badeværelse i enheden,101, 1,101,Vandskyllende toilet i enheden,4, 1,-
615," Sundkaj 31, 2. tv 2150 Nordhavn ",5500000.0,2019-09-06, Handelstype Alm. frit salg,https://www.boliga.dk//salg/info/101/40040/2AC57835-AA4E-4F7A-979A-0AAA47E650CA,https://www.boliga.dk//bbrinfo/2ac57835-aa4e-4f7a-979a-0aaa47e650ca,"(55.71046692, 12.59624242)","Sundkaj 31, 1. mf, 2150 Nordhavn",0101,Egentlig beboelseslejlighed,Eget køkken med afløb,"Bolig i etageejendom, flerfamiliehus eller to-familiehus",Badeværelse i enheden,115, 1,115,Vandskyllende toilet i enheden,3, 1,-
616, Sundkaj 53 2150 Nordhavn ,6500000.0,2019-09-04, Handelstype Alm. frit salg,https://www.boliga.dk//salg/info/101/25467/0080E507-34C6-4478-859E-AF6519973AB6,https://www.boliga.dk//bbrinfo/0080e507-34c6-4478-859e-af6519973ab6,"(55.71023299, 12.59709207)","Sundkaj 53, 2150 Nordhavn",0101,Egentlig beboelseslejlighed,Eget køkken med afløb,"Række-, kæde- og klyngehus",Badeværelse i enheden,154, 2,154,Vandskyllende toilet i enheden,5, 2,400 V el fra værk
617," Trelleborggade 4, st. th 2150 Nordhavn ",5400000.0,2019-09-04, Handelstype Alm. frit salg,https://www.boliga.dk//salg/info/101/18798/B82CB9BA-A962-4EA2-992C-22B20D5AC913,https://www.boliga.dk//bbrinfo/b82cb9ba-a962-4ea2-992c-22b20d5ac913,"(55.70626356, 12.592053)","Trelleborggade 4, 4. th, 2150 Nordhavn",0101,Egentlig beboelseslejlighed,Eget køkken med afløb,"Bolig i etageejendom, flerfamiliehus eller to-familiehus",Badeværelse i enheden,103, 1,103,Vandskyllende toilet i enheden,4, 1,-
618," Trelleborggade 4, st. th 2150 Nordhavn ",4495000.0,2016-04-02, Handelstype Alm. frit salg,https://www.boliga.dk//salg/info/101/18798/B82CB9BA-A962-4EA2-992C-22B20D5AC913,https://www.boliga.dk//bbrinfo/b82cb9ba-a962-4ea2-992c-22b20d5ac913,"(55.70626356, 12.592053)","Trelleborggade 4, 4. th, 2150 Nordhavn",0101,Egentlig beboelseslejlighed,Eget køkken med afløb,"Bolig i etageejendom, flerfamiliehus eller to-familiehus",Badeværelse i enheden,103, 1,103,Vandskyllende toilet i enheden,4, 1,-
619, Sundkaj 55 2150 Nordhavn ,6700000.0,2019-09-03, Handelstype Alm. frit salg,https://www.boliga.dk//salg/info/101/25468/4F9A4D7E-6E20-4CDA-87B3-73DE200308FA,https://www.boliga.dk//bbrinfo/4f9a4d7e-6e20-4cda-87b3-73de200308fa,"(55.71021902, 12.59716054)","Sundkaj 55, 2150 Nordhavn",0101,Egentlig beboelseslejlighed,Eget køkken med afløb,"Række-, kæde- og klyngehus",Badeværelse i enheden,154, 2,154,Vandskyllende toilet i enheden,5, 2,400 V el fra værk
620, Sundkaj 57 2150 Nordhavn ,6000000.0,2019-09-02, Handelstype Alm. frit salg,https://www.boliga.dk//salg/info/101/25469/D0ADFD19-91DD-449B-AA1E-E7FE7C27512E,https://www.boliga.dk//bbrinfo/d0adfd19-91dd-449b-aa1e-e7fe7c27512e,"(55.71020503, 12.59722678)","Sundkaj 57, 2150 Nordhavn",0101,Egentlig beboelseslejlighed,Eget køkken med afløb,"Række-, kæde- og klyngehus",Badeværelse i enheden,154, 2,154,Vandskyllende toilet i enheden,5, 2,400 V el fra værk
621," Antwerpengade 15, 4. th 2150 Nordhavn ",6365000.0,2019-09-01, Handelstype Alm. frit salg,https://www.boliga.dk//salg/info/101/15821/FDD9AB42-F383-4116-88A7-95B0C76C3120,https://www.boliga.dk//bbrinfo/fdd9ab42-f383-4116-88a7-95b0c76c3120,"(55.7073385, 12.59625824)","Antwerpengade 15, 1. mf, 2150 Nordhavn",0101,Egentlig beboelseslejlighed,Eget køkken med afløb,"Bolig i etageejendom, flerfamiliehus eller to-familiehus",Badeværelse i enheden,129, 1,129,Vandskyllende toilet i enheden,4, 2,-
622," Antwerpengade 15, 4. th 2150 Nordhavn ",5285888.0,2013-05-02, Handelstype Alm. frit salg,https://www.boliga.dk//salg/info/101/15821/FDD9AB42-F383-4116-88A7-95B0C76C3120,https://www.boliga.dk//bbrinfo/fdd9ab42-f383-4116-88a7-95b0c76c3120,"(55.7073385, 12.59625824)","Antwerpengade 15, 1. mf, 2150 Nordhavn",0101,Egentlig beboelseslejlighed,Eget køkken med afløb,"Bolig i etageejendom, flerfamiliehus eller to-familiehus",Badeværelse i enheden,129, 1,129,Vandskyllende toilet i enheden,4, 2,-
623," Sundkaj 89, st. tv 2150 Nordhavn ",4750000.0,2019-08-30, Handelstype Alm. frit salg,https://www.boliga.dk//salg/info/101/34101/00E6895A-1587-4923-9675-071858EAF83C,https://www.boliga.dk//bbrinfo/00e6895a-1587-4923-9675-071858eaf83c,"(55.70966823, 12.598245)","Sundkaj 89, 1. th, 2150 Nordhavn",0101,Egentlig beboelseslejlighed,Eget køkken med afløb,"Bolig i etageejendom, flerfamiliehus eller to-familiehus",Badeværelse i enheden,92, 1,92,Vandskyllende toilet i enheden,4, 1,-
624," Sundkaj 89, st. tv 2150 Nordhavn ",4495000.0,2017-09-20, Handelstype Alm. frit salg,https://www.boliga.dk//salg/info/101/34101/00E6895A-1587-4923-9675-071858EAF83C,https://www.boliga.dk//bbrinfo/00e6895a-1587-4923-9675-071858eaf83c,"(55.70966823, 12.598245)","Sundkaj 89, 1. th, 2150 Nordhavn",0101,Egentlig beboelseslejlighed,Eget køkken med afløb,"Bolig i etageejendom, flerfamiliehus eller to-familiehus",Badeværelse i enheden,92, 1,92,Vandskyllende toilet i enheden,4, 1,-
625," Helsinkigade 20, 9. 3 2150 Nordhavn ",5770000.0,2019-08-30, Handelstype Alm. frit salg,https://www.boliga.dk//salg/info/101/21641/7D7469F5-052A-45C2-9C57-8972C4F425D4,https://www.boliga.dk//bbrinfo/7d7469f5-052a-45c2-9c57-8972c4f425d4,"(55.70792825, 12.59733266)","Helsinkigade 20, 10., 2150 Nordhavn",0101,Egentlig beboelseslejlighed,Eget køkken med afløb,"Bolig i etageejendom, flerfamiliehus eller to-familiehus",Badeværelse i enheden,90, 1,90,Vandskyllende toilet i enheden,2, 1,-
626," Helsinkigade 20, 9. 3 2150 Nordhavn ",5100000.0,2017-03-01, Handelstype Alm. frit salg,https://www.boliga.dk//salg/info/101/21641/7D7469F5-052A-45C2-9C57-8972C4F425D4,https://www.boliga.dk//bbrinfo/7d7469f5-052a-45c2-9c57-8972c4f425d4,"(55.70792825, 12.59733266)","Helsinkigade 20, 10., 2150 Nordhavn",0101,Egentlig beboelseslejlighed,Eget køkken med afløb,"Bolig i etageejendom, flerfamiliehus eller to-familiehus",Badeværelse i enheden,90, 1,90,Vandskyllende toilet i enheden,2, 1,-
627," Helsinkigade 20, 9. 3 2150 Nordhavn ",4239975.0,2014-08-01, Handelstype Alm. frit salg,https://www.boliga.dk//salg/info/101/21641/7D7469F5-052A-45C2-9C57-8972C4F425D4,https://www.boliga.dk//bbrinfo/7d7469f5-052a-45c2-9c57-8972c4f425d4,"(55.70792825, 12.59733266)","Helsinkigade 20, 10., 2150 Nordhavn",0101,Egentlig beboelseslejlighed,Eget køkken med afløb,"Bolig i etageejendom, flerfamiliehus eller to-familiehus",Badeværelse i enheden,90, 1,90,Vandskyllende toilet i enheden,2, 1,-
628," Helsinkigade 21, 2. th 2150 Nordhavn ",5275000.0,2019-07-02, Handelstype Alm. frit salg,https://www.boliga.dk//salg/info/101/18756/6443574C-4B55-4AD0-9057-A43AB95CAD78,https://www.boliga.dk//bbrinfo/6443574c-4b55-4ad0-9057-a43ab95cad78,"(55.70833562, 12.59638354)","Helsinkigade 21, 4., 2150 Nordhavn",0101,Egentlig beboelseslejlighed,Eget køkken med afløb,"Bolig i etageejendom, flerfamiliehus eller to-familiehus",Badeværelse i enheden,101, 1,101,Vandskyllende toilet i enheden,4, 1,-
629," Helsinkigade 21, 2. th 2150 Nordhavn ",5275000.0,2018-04-20, Handelstype Alm. frit salg,https://www.boliga.dk//salg/info/101/18756/6443574C-4B55-4AD0-9057-A43AB95CAD78,https://www.boliga.dk//bbrinfo/6443574c-4b55-4ad0-9057-a43ab95cad78,"(55.70833562, 12.59638354)","Helsinkigade 21, 4., 2150 Nordhavn",0101,Egentlig beboelseslejlighed,Eget køkken med afløb,"Bolig i etageejendom, flerfamiliehus eller to-familiehus",Badeværelse i enheden,101, 1,101,Vandskyllende toilet i enheden,4, 1,-
630," Helsinkigade 21, 2. th 2150 Nordhavn ",3550000.0,2014-07-20, Handelstype Alm. frit salg,https://www.boliga.dk//salg/info/101/18756/6443574C-4B55-4AD0-9057-A43AB95CAD78,https://www.boliga.dk//bbrinfo/6443574c-4b55-4ad0-9057-a43ab95cad78,"(55.70833562, 12.59638354)","Helsinkigade 21, 4., 2150 Nordhavn",0101,Egentlig beboelseslejlighed,Eget køkken med afløb,"Bolig i etageejendom, flerfamiliehus eller to-familiehus",Badeværelse i enheden,101, 1,101,Vandskyllende toilet i enheden,4, 1,-
631," Sundkaj 81, 1. tv 2150 Nordhavn ",4595000.0,2019-06-02, Handelstype Alm. frit salg,https://www.boliga.dk//salg/info/101/34140/D95133EF-8A34-4F94-9653-D33B7488E708,https://www.boliga.dk//bbrinfo/d95133ef-8a34-4f94-9653-d33b7488e708,"(55.71000257, 12.59811116)","Sundkaj 81, 1. th, 2150 Nordhavn",0101,Egentlig beboelseslejlighed,Eget køkken med afløb,"Bolig i etageejendom, flerfamiliehus eller to-familiehus",Badeværelse i enheden,97, 1,97,Vandskyllende toilet i enheden,4, 1,-
632," Sundkaj 75, st. tv 2150 Nordhavn ",2825000.0,2019-03-02, Handelstype Alm. frit salg,https://www.boliga.dk//salg/info/101/27081/C104CB58-5738-4B80-A81C-82F7775238D9,https://www.boliga.dk//bbrinfo/c104cb58-5738-4b80-a81c-82f7775238d9,"(55.71005876, 12.59775928)","Sundkaj 75, 4., 2150 Nordhavn",0101,Egentlig beboelseslejlighed,Eget køkken med afløb,"Bolig i etageejendom, flerfamiliehus eller to-familiehus",Badeværelse i enheden,70, 1,70,Vandskyllende toilet i enheden,2, 1,400 V el fra værk
633," Sundkaj 75, st. tv 2150 Nordhavn ",2796000.0,2016-03-02, Handelstype Alm. frit salg,https://www.boliga.dk//salg/info/101/27081/C104CB58-5738-4B80-A81C-82F7775238D9,https://www.boliga.dk//bbrinfo/c104cb58-5738-4b80-a81c-82f7775238d9,"(55.71005876, 12.59775928)","Sundkaj 75, 4., 2150 Nordhavn",0101,Egentlig beboelseslejlighed,Eget køkken med afløb,"Bolig i etageejendom, flerfamiliehus eller to-familiehus",Badeværelse i enheden,70, 1,70,Vandskyllende toilet i enheden,2, 1,400 V el fra værk
634," Sundkaj 79, 4. th 2150 Nordhavn ",6795000.0,2019-08-09, Handelstype Alm. frit salg,https://www.boliga.dk//salg/info/101/34136/C33E8824-3732-4CB2-8823-A41BA530BAD2,https://www.boliga.dk//bbrinfo/c33e8824-3732-4cb2-8823-a41ba530bad2,"(55.70991297, 12.59805412)","Sundkaj 79, 1. th, 2150 Nordhavn",0101,Egentlig beboelseslejlighed,Eget køkken med afløb,"Bolig i etageejendom, flerfamiliehus eller to-familiehus",Badeværelse i enheden,135, 1,135,Vandskyllende toilet i enheden,4, 1,-
635," Sundkaj 93, 2. tv 2150 Nordhavn ",4775000.0,2019-08-07, Handelstype Alm. frit salg,https://www.boliga.dk//salg/info/101/34074/F93BB88A-DBF9-44E2-835E-F904B056F4CD,https://www.boliga.dk//bbrinfo/f93bb88a-dbf9-44e2-835e-f904b056f4cd,"(55.7097779, 12.59860564)","Sundkaj 93, 1. th, 2150 Nordhavn",0101,Egentlig beboelseslejlighed,Eget køkken med afløb,"Bolig i etageejendom, flerfamiliehus eller to-familiehus",Badeværelse i enheden,100, 1,100,Vandskyllende toilet i enheden,3, 1,-
636," Sundkaj 35, 4. mf 2150 Nordhavn ",5995000.0,2019-08-06, Handelstype Alm. frit salg,https://www.boliga.dk//salg/info/101/39983/3782674F-4C7A-4D96-A130-62CF40C80CB0,https://www.boliga.dk//bbrinfo/3782674f-4c7a-4d96-a130-62cf40c80cb0,"(55.71027646, 12.59630391)","Sundkaj 35, 1. mf, 2150 Nordhavn",0101,Egentlig beboelseslejlighed,Eget køkken med afløb,"Bolig i etageejendom, flerfamiliehus eller to-familiehus",Badeværelse i enheden,117, 1,117,Vandskyllende toilet i enheden,4, 1,-
637," Antwerpengade 13, 2. 2 2150 Nordhavn ",5995000.0,2019-08-02, Handelstype Alm. frit salg,https://www.boliga.dk//salg/info/101/16538/70C57D79-FE81-43FE-8553-AAFB9F50CA27,https://www.boliga.dk//bbrinfo/70c57d79-fe81-43fe-8553-aafb9f50ca27,"(55.70731023, 12.5960295)","Antwerpengade 13, 1. 1, 2150 Nordhavn",0101,Egentlig beboelseslejlighed,Eget køkken med afløb,"Bolig i etageejendom, flerfamiliehus eller to-familiehus",Badeværelse i enheden,131, 2,131,Vandskyllende toilet i enheden,5, 2,-
638," Antwerpengade 13, 2. 2 2150 Nordhavn ",7000000.0,2019-04-01, Handelstype Alm. frit salg,https://www.boliga.dk//salg/info/101/16538/70C57D79-FE81-43FE-8553-AAFB9F50CA27,https://www.boliga.dk//bbrinfo/70c57d79-fe81-43fe-8553-aafb9f50ca27,"(55.70731023, 12.5960295)","Antwerpengade 13, 1. 1, 2150 Nordhavn",0101,Egentlig beboelseslejlighed,Eget køkken med afløb,"Bolig i etageejendom, flerfamiliehus eller to-familiehus",Badeværelse i enheden,131, 2,131,Vandskyllende toilet i enheden,5, 2,-
639," Antwerpengade 13, 2. 2 2150 Nordhavn ",5500000.0,2016-01-03, Handelstype Alm. frit salg,https://www.boliga.dk//salg/info/101/16538/70C57D79-FE81-43FE-8553-AAFB9F50CA27,https://www.boliga.dk//bbrinfo/70c57d79-fe81-43fe-8553-aafb9f50ca27,"(55.70731023, 12.5960295)","Antwerpengade 13, 1. 1, 2150 Nordhavn",0101,Egentlig beboelseslejlighed,Eget køkken med afløb,"Bolig i etageejendom, flerfamiliehus eller to-familiehus",Badeværelse i enheden,131, 2,131,Vandskyllende toilet i enheden,5, 2,-
640," Sundkaj 93, 1. tv 2150 Nordhavn ",4650000.0,2019-01-03, Handelstype Alm. frit salg,https://www.boliga.dk//salg/info/101/34072/2211D4C9-355C-4C9C-B000-3BC3FBE63C51,https://www.boliga.dk//bbrinfo/2211d4c9-355c-4c9c-b000-3bc3fbe63c51,"(55.7097779, 12.59860564)","Sundkaj 93, 1. th, 2150 Nordhavn",0101,Egentlig beboelseslejlighed,Eget køkken med afløb,"Bolig i etageejendom, flerfamiliehus eller to-familiehus",Badeværelse i enheden,100, 1,100,Vandskyllende toilet i enheden,3, 1,-
641," Helsinkigade 20, 6. 1 2150 Nordhavn ",1062500.0,2019-03-02, Handelstype Familieoverdragelse,https://www.boliga.dk//salg/info/101/21625/1D82CB49-465B-41FC-9857-0C8DEAE2E993,https://www.boliga.dk//bbrinfo/1d82cb49-465b-41fc-9857-0c8deae2e993,"(55.70792825, 12.59733266)","Helsinkigade 20, 10., 2150 Nordhavn",0101,Egentlig beboelseslejlighed,Eget køkken med afløb,"Bolig i etageejendom, flerfamiliehus eller to-familiehus",Badeværelse i enheden,114, 1,114,Vandskyllende toilet i enheden,3, 2,-
642," Helsinkigade 20, 6. 1 2150 Nordhavn ",5203011.0,2015-11-30, Handelstype Alm. frit salg,https://www.boliga.dk//salg/info/101/21625/1D82CB49-465B-41FC-9857-0C8DEAE2E993,https://www.boliga.dk//bbrinfo/1d82cb49-465b-41fc-9857-0c8deae2e993,"(55.70792825, 12.59733266)","Helsinkigade 20, 10., 2150 Nordhavn",0101,Egentlig beboelseslejlighed,Eget køkken med afløb,"Bolig i etageejendom, flerfamiliehus eller to-familiehus",Badeværelse i enheden,114, 1,114,Vandskyllende toilet i enheden,3, 2,-
643," Fortkaj 30, 2. mf 2150 Nordhavn ",4102500.0,2019-09-01, Handelstype Familieoverdragelse,https://www.boliga.dk//salg/info/101/23277/D4FC4F09-C05D-4579-A4DD-FF4331DFEFE7,https://www.boliga.dk//bbrinfo/d4fc4f09-c05d-4579-a4dd-ff4331dfefe7,"(55.70839574, 12.59807131)","Fortkaj 30, 2150 Nordhavn",0101,Egentlig beboelseslejlighed,Eget køkken med afløb,"Bolig i etageejendom, flerfamiliehus eller to-familiehus",Badeværelse i enheden,215, 3,215,Vandskyllende toilet i enheden,4, 4,400 V el fra værk
644," Fortkaj 30, 2. mf 2150 Nordhavn ",6300000.0,2015-04-01, Handelstype Alm. frit salg,https://www.boliga.dk//salg/info/101/23277/D4FC4F09-C05D-4579-A4DD-FF4331DFEFE7,https://www.boliga.dk//bbrinfo/d4fc4f09-c05d-4579-a4dd-ff4331dfefe7,"(55.70839574, 12.59807131)","Fortkaj 30, 2150 Nordhavn",0101,Egentlig beboelseslejlighed,Eget køkken med afløb,"Bolig i etageejendom, flerfamiliehus eller to-familiehus",Badeværelse i enheden,215, 3,215,Vandskyllende toilet i enheden,4, 4,400 V el fra værk
645," Helsinkigade 29, 4. th 2150 Nordhavn ",5370000.0,2019-09-01, Handelstype Familieoverdragelse,https://www.boliga.dk//salg/info/101/23299/B6A4F895-A95F-42A8-BF63-74F28CEE9542,https://www.boliga.dk//bbrinfo/b6a4f895-a95f-42a8-bf63-74f28cee9542,"(55.70806117, 12.59788684)","Helsinkigade 29, 2150 Nordhavn",0101,Egentlig beboelseslejlighed,Eget køkken med afløb,"Bolig i etageejendom, flerfamiliehus eller to-familiehus",Badeværelse i enheden,216, 1,216,Vandskyllende toilet i enheden,2, 2,400 V el fra værk
646," Helsinkigade 29, 4. th 2150 Nordhavn ",8265000.0,2015-06-01, Handelstype Alm. frit salg,https://www.boliga.dk//salg/info/101/23299/B6A4F895-A95F-42A8-BF63-74F28CEE9542,https://www.boliga.dk//bbrinfo/b6a4f895-a95f-42a8-bf63-74f28cee9542,"(55.70806117, 12.59788684)","Helsinkigade 29, 2150 Nordhavn",0101,Egentlig beboelseslejlighed,Eget køkken med afløb,"Bolig i etageejendom, flerfamiliehus eller to-familiehus",Badeværelse i enheden,216, 1,216,Vandskyllende toilet i enheden,2, 2,400 V el fra værk
647," Fortkaj 30, 4. tv 2150 Nordhavn ",4665000.0,2019-09-01, Handelstype Familieoverdragelse,https://www.boliga.dk//salg/info/101/23279/AA895DC7-3D5C-41D5-9547-E6724C4B50D6,https://www.boliga.dk//bbrinfo/aa895dc7-3d5c-41d5-9547-e6724c4b50d6,"(55.70839574, 12.59807131)","Fortkaj 30, 2150 Nordhavn",0101,Egentlig beboelseslejlighed,Eget køkken med afløb,"Bolig i etageejendom, flerfamiliehus eller to-familiehus",Badeværelse i enheden,217, 1,217,Vandskyllende toilet i enheden,2, 2,400 V el fra værk
648," Fortkaj 30, 4. tv 2150 Nordhavn ",7560000.0,2015-04-01, Handelstype Alm. frit salg,https://www.boliga.dk//salg/info/101/23279/AA895DC7-3D5C-41D5-9547-E6724C4B50D6,https://www.boliga.dk//bbrinfo/aa895dc7-3d5c-41d5-9547-e6724c4b50d6,"(55.70839574, 12.59807131)","Fortkaj 30, 2150 Nordhavn",0101,Egentlig beboelseslejlighed,Eget køkken med afløb,"Bolig i etageejendom, flerfamiliehus eller to-familiehus",Badeværelse i enheden,217, 1,217,Vandskyllende toilet i enheden,2, 2,400 V el fra værk
649," Sundkaj 73, st. th 2150 Nordhavn ",2275000.0,2019-07-08, Handelstype Alm. frit salg,https://www.boliga.dk//salg/info/101/27091/B34AC2A2-DAE9-4BC7-90BF-31B03F85C0CE,https://www.boliga.dk//bbrinfo/b34ac2a2-dae9-4bc7-90bf-31b03f85c0ce,"(55.7099848, 12.59770868)","Sundkaj 73, 1. th, 2150 Nordhavn",0101,Egentlig beboelseslejlighed,Eget køkken med afløb,"Bolig i etageejendom, flerfamiliehus eller to-familiehus",Badeværelse i enheden,48, 1,48,Vandskyllende toilet i enheden,2, 1,400 V el fra værk
650," Sundkaj 73, st. th 2150 Nordhavn ",2014486.0,2016-06-02, Handelstype Alm. frit salg,https://www.boliga.dk//salg/info/101/27091/B34AC2A2-DAE9-4BC7-90BF-31B03F85C0CE,https://www.boliga.dk//bbrinfo/b34ac2a2-dae9-4bc7-90bf-31b03f85c0ce,"(55.7099848, 12.59770868)","Sundkaj 73, 1. th, 2150 Nordhavn",0101,Egentlig beboelseslejlighed,Eget køkken med afløb,"Bolig i etageejendom, flerfamiliehus eller to-familiehus",Badeværelse i enheden,48, 1,48,Vandskyllende toilet i enheden,2, 1,400 V el fra værk
651," Helsinkigade 18, 9. 3 2150 Nordhavn ",8900000.0,2019-05-02, Handelstype Alm. frit salg,https://www.boliga.dk//salg/info/101/21597/A87ED12E-E507-4F9C-A7A1-29F577900B18,https://www.boliga.dk//bbrinfo/a87ed12e-e507-4f9c-a7a1-29f577900b18,"(55.70798351, 12.59704886)","Helsinkigade 18, 2. 2, 2150 Nordhavn",0101,Egentlig beboelseslejlighed,Eget køkken med afløb,"Bolig i etageejendom, flerfamiliehus eller to-familiehus",Badeværelse i enheden,123, 1,123,Vandskyllende toilet i enheden,3, 2,-
652," Helsinkigade 18, 9. 3 2150 Nordhavn ",7265089.0,2014-06-01, Handelstype Alm. frit salg,https://www.boliga.dk//salg/info/101/21597/A87ED12E-E507-4F9C-A7A1-29F577900B18,https://www.boliga.dk//bbrinfo/a87ed12e-e507-4f9c-a7a1-29f577900b18,"(55.70798351, 12.59704886)","Helsinkigade 18, 2. 2, 2150 Nordhavn",0101,Egentlig beboelseslejlighed,Eget køkken med afløb,"Bolig i etageejendom, flerfamiliehus eller to-familiehus",Badeværelse i enheden,123, 1,123,Vandskyllende toilet i enheden,3, 2,-
653," Murmanskgade 1, 4. th 2150 Nordhavn ",8350000.0,2019-01-02, Handelstype Alm. frit salg,https://www.boliga.dk//salg/info/101/17594/29DB3508-1AD8-49E4-AFFB-63211C2FD420,https://www.boliga.dk//bbrinfo/29db3508-1ad8-49e4-affb-63211c2fd420,"(55.70691325, 12.59860775)","Murmanskgade 1, 1. mf, 2150 Nordhavn",0101,Egentlig beboelseslejlighed,Eget køkken med afløb,"Bolig i etageejendom, flerfamiliehus eller to-familiehus",Badeværelse i enheden,135, 1,135,Vandskyllende toilet i enheden,4, 1,400 V el fra værk
654," Murmanskgade 1, 4. th 2150 Nordhavn ",8295000.0,2016-01-20, Handelstype Alm. frit salg,https://www.boliga.dk//salg/info/101/17594/29DB3508-1AD8-49E4-AFFB-63211C2FD420,https://www.boliga.dk//bbrinfo/29db3508-1ad8-49e4-affb-63211c2fd420,"(55.70691325, 12.59860775)","Murmanskgade 1, 1. mf, 2150 Nordhavn",0101,Egentlig beboelseslejlighed,Eget køkken med afløb,"Bolig i etageejendom, flerfamiliehus eller to-familiehus",Badeværelse i enheden,135, 1,135,Vandskyllende toilet i enheden,4, 1,400 V el fra værk
655," Sundkaj 39, 3. th 2150 Nordhavn ",6050000.0,2019-09-01, Handelstype Alm. frit salg,https://www.boliga.dk//salg/info/101/40009/E1BC1BD2-6CFA-43ED-A083-E676C2231ABD,https://www.boliga.dk//bbrinfo/e1bc1bd2-6cfa-43ed-a083-e676c2231abd,"(55.71035998, 12.59583756)","Sundkaj 39, 1. th, 2150 Nordhavn",0101,Egentlig beboelseslejlighed,Eget køkken med afløb,"Bolig i etageejendom, flerfamiliehus eller to-familiehus",Badeværelse i enheden,112, 1,112,Vandskyllende toilet i enheden,5, 1,-
656," Sundkaj 91, 2. tv 2150 Nordhavn ",3750000.0,2019-03-01, Handelstype Alm. frit salg,https://www.boliga.dk//salg/info/101/34088/44C4E2B0-8CA8-410F-9958-77B49A099C3E,https://www.boliga.dk//bbrinfo/44c4e2b0-8ca8-410f-9958-77b49a099c3e,"(55.70966782, 12.5985478)","Sundkaj 91, 1. mf, 2150 Nordhavn",0101,Egentlig beboelseslejlighed,Eget køkken med afløb,"Bolig i etageejendom, flerfamiliehus eller to-familiehus",Badeværelse i enheden,63, 1,63,Vandskyllende toilet i enheden,3, 1,-
657," Sundkaj 91, 2. tv 2150 Nordhavn ",3495000.0,2017-01-01, Handelstype Alm. frit salg,https://www.boliga.dk//salg/info/101/34088/44C4E2B0-8CA8-410F-9958-77B49A099C3E,https://www.boliga.dk//bbrinfo/44c4e2b0-8ca8-410f-9958-77b49a099c3e,"(55.70966782, 12.5985478)","Sundkaj 91, 1. mf, 2150 Nordhavn",0101,Egentlig beboelseslejlighed,Eget køkken med afløb,"Bolig i etageejendom, flerfamiliehus eller to-familiehus",Badeværelse i enheden,63, 1,63,Vandskyllende toilet i enheden,3, 1,-
658," Sundkaj 79, 2. tv 2150 Nordhavn ",4800000.0,2019-06-04, Handelstype Alm. frit salg,https://www.boliga.dk//salg/info/101/34130/03AF4390-CBAC-47A9-A829-334C477F5717,https://www.boliga.dk//bbrinfo/03af4390-cbac-47a9-a829-334c477f5717,"(55.70991297, 12.59805412)","Sundkaj 79, 1. th, 2150 Nordhavn",0101,Egentlig beboelseslejlighed,Eget køkken med afløb,"Bolig i etageejendom, flerfamiliehus eller to-familiehus",Badeværelse i enheden,102, 1,102,Vandskyllende toilet i enheden,4, 1,-
659," Sundkaj 39, 4. tv 2150 Nordhavn ",6745000.0,2019-04-02, Handelstype Alm. frit salg,https://www.boliga.dk//salg/info/101/40013/6C0904DE-824B-401E-81DB-D327130AC0A2,https://www.boliga.dk//bbrinfo/6c0904de-824b-401e-81db-d327130ac0a2,"(55.71035998, 12.59583756)","Sundkaj 39, 1. th, 2150 Nordhavn",0101,Egentlig beboelseslejlighed,Eget køkken med afløb,"Bolig i etageejendom, flerfamiliehus eller to-familiehus",Badeværelse i enheden,136, 1,136,Vandskyllende toilet i enheden,5, 1,-
660," Sundkaj 33, 2. mf 2150 Nordhavn ",3895000.0,2019-04-01, Handelstype Alm. frit salg,https://www.boliga.dk//salg/info/101/39962/428D5984-0044-40D7-BFB6-D2B9E480BB8F,https://www.boliga.dk//bbrinfo/428d5984-0044-40d7-bfb6-d2b9e480bb8f,"(55.71038191, 12.59642643)","Sundkaj 33, 1. mf, 2150 Nordhavn",0101,Egentlig beboelseslejlighed,Eget køkken med afløb,"Bolig i etageejendom, flerfamiliehus eller to-familiehus",Badeværelse i enheden,83, 1,83,Vandskyllende toilet i enheden,3, 1,-
661, Helsinkigade 6A 2150 Nordhavn ,5287500.0,2019-05-10, Handelstype Alm. frit salg,https://www.boliga.dk//salg/info/101/17875/04E35BCD-1FD2-44DF-BF6A-D7FF8CE992C0,https://www.boliga.dk//bbrinfo/04e35bcd-1fd2-44df-bf6a-d7ff8ce992c0,"(55.70844469, 12.59402748)","Helsinkigade 6A, 2150 Nordhavn",0101,Egentlig beboelseslejlighed,Eget køkken med afløb,"Række-, kæde- og klyngehus",Badeværelse i enheden,105, 1,105,Vandskyllende toilet i enheden,3, 2,-
662, Helsinkigade 6A 2150 Nordhavn ,4427020.0,2014-04-02, Handelstype Alm. frit salg,https://www.boliga.dk//salg/info/101/17875/04E35BCD-1FD2-44DF-BF6A-D7FF8CE992C0,https://www.boliga.dk//bbrinfo/04e35bcd-1fd2-44df-bf6a-d7ff8ce992c0,"(55.70844469, 12.59402748)","Helsinkigade 6A, 2150 Nordhavn",0101,Egentlig beboelseslejlighed,Eget køkken med afløb,"Række-, kæde- og klyngehus",Badeværelse i enheden,105, 1,105,Vandskyllende toilet i enheden,3, 2,-
663," Trelleborggade 14, 2. th 2150 Nordhavn ",2950000.0,2019-05-07, Handelstype Alm. frit salg,https://www.boliga.dk//salg/info/101/21402/E2F994EA-44F5-47A5-B03E-A88A30BF87C2,https://www.boliga.dk//bbrinfo/e2f994ea-44f5-47a5-b03e-a88a30bf87c2,"(55.70661575, 12.59357322)","Trelleborggade 14, 5., 2150 Nordhavn",0101,Egentlig beboelseslejlighed,Eget køkken med afløb,"Bolig i etageejendom, flerfamiliehus eller to-familiehus",Badeværelse i enheden,58, 1,58,Vandskyllende toilet i enheden,2, 1,-
664," Trelleborggade 14, 2. th 2150 Nordhavn ",2375000.0,2015-03-10, Handelstype Alm. frit salg,https://www.boliga.dk//salg/info/101/21402/E2F994EA-44F5-47A5-B03E-A88A30BF87C2,https://www.boliga.dk//bbrinfo/e2f994ea-44f5-47a5-b03e-a88a30bf87c2,"(55.70661575, 12.59357322)","Trelleborggade 14, 5., 2150 Nordhavn",0101,Egentlig beboelseslejlighed,Eget køkken med afløb,"Bolig i etageejendom, flerfamiliehus eller to-familiehus",Badeværelse i enheden,58, 1,58,Vandskyllende toilet i enheden,2, 1,-
665," Århusgade 131A, 3. mf 2150 Nordhavn ",6100000.0,2019-05-01, Handelstype Alm. frit salg,https://www.boliga.dk//salg/info/101/19600/AAC37843-2708-4C34-9FD5-88B502AC9A12,https://www.boliga.dk//bbrinfo/aac37843-2708-4c34-9fd5-88b502ac9a12,"(55.70773906, 12.59402888)","Århusgade 131A, 1. mf, 2150 Nordhavn",0101,Egentlig beboelseslejlighed,Eget køkken med afløb,"Bolig i etageejendom, flerfamiliehus eller to-familiehus",Badeværelse i enheden,111, 1,111,Vandskyllende toilet i enheden,4, 1,230 V el fra værk
666," Århusgade 131A, 3. mf 2150 Nordhavn ",4445000.0,2015-04-10, Handelstype Alm. frit salg,https://www.boliga.dk//salg/info/101/19600/AAC37843-2708-4C34-9FD5-88B502AC9A12,https://www.boliga.dk//bbrinfo/aac37843-2708-4c34-9fd5-88b502ac9a12,"(55.70773906, 12.59402888)","Århusgade 131A, 1. mf, 2150 Nordhavn",0101,Egentlig beboelseslejlighed,Eget køkken med afløb,"Bolig i etageejendom, flerfamiliehus eller to-familiehus",Badeværelse i enheden,111, 1,111,Vandskyllende toilet i enheden,4, 1,230 V el fra værk
667," Sandkaj 37, 1. th 2150 Nordhavn ",6500000.0,2019-04-30, Handelstype Alm. frit salg,https://www.boliga.dk//salg/info/101/17598/0645E818-A50D-42F0-B619-C0D1DB716DE1,https://www.boliga.dk//bbrinfo/0645e818-a50d-42f0-b619-c0d1db716de1,"(55.70678507, 12.59818652)","Sandkaj 37, 2150 Nordhavn",0101,Egentlig beboelseslejlighed,Eget køkken med afløb,"Bolig i etageejendom, flerfamiliehus eller to-familiehus",Badeværelse i enheden,111, 1,111,Vandskyllende toilet i enheden,4, 1,400 V el fra værk
668," Sandkaj 37, 1. th 2150 Nordhavn ",5895000.0,2015-02-01, Handelstype Alm. frit salg,https://www.boliga.dk//salg/info/101/17598/0645E818-A50D-42F0-B619-C0D1DB716DE1,https://www.boliga.dk//bbrinfo/0645e818-a50d-42f0-b619-c0d1db716de1,"(55.70678507, 12.59818652)","Sandkaj 37, 2150 Nordhavn",0101,Egentlig beboelseslejlighed,Eget køkken med afløb,"Bolig i etageejendom, flerfamiliehus eller to-familiehus",Badeværelse i enheden,111, 1,111,Vandskyllende toilet i enheden,4, 1,400 V el fra værk
669," Sundkaj 9, 2. tv 2150 Nordhavn ",6000000.0,2019-09-02, Handelstype Alm. frit salg,https://www.boliga.dk//salg/info/101/33609/30398E25-FE43-4C0A-94B7-FBCA6999E0A6,https://www.boliga.dk//bbrinfo/30398e25-fe43-4c0a-94b7-fbca6999e0a6,"(55.71054004, 12.59500658)","Sundkaj 9, 1. th, 2150 Nordhavn",0101,Egentlig beboelseslejlighed,Eget køkken med afløb,"Bolig i etageejendom, flerfamiliehus eller to-familiehus",Badeværelse i enheden,108, 1,108,Vandskyllende toilet i enheden,4, 1,-
670," Sundkaj 33, 4. mf 2150 Nordhavn ",4095000.0,2019-09-02, Handelstype Alm. frit salg,https://www.boliga.dk//salg/info/101/39968/D39E03C5-4FB1-40AA-8CC8-9902C6144F83,https://www.boliga.dk//bbrinfo/d39e03c5-4fb1-40aa-8cc8-9902c6144f83,"(55.71038191, 12.59642643)","Sundkaj 33, 1. mf, 2150 Nordhavn",0101,Egentlig beboelseslejlighed,Eget køkken med afløb,"Bolig i etageejendom, flerfamiliehus eller to-familiehus",Badeværelse i enheden,83, 1,83,Vandskyllende toilet i enheden,3, 1,-
671," Fortkaj 22, 2. th 2150 Nordhavn ",5395000.0,2019-09-02, Handelstype Alm. frit salg,https://www.boliga.dk//salg/info/101/18698/1F72681C-9D4C-4D78-9541-013B36F0BAED,https://www.boliga.dk//bbrinfo/1f72681c-9d4c-4d78-9541-013b36f0baed,"(55.70860402, 12.59680096)","Fortkaj 22, 1. th, 2150 Nordhavn",0101,Egentlig beboelseslejlighed,Eget køkken med afløb,"Bolig i etageejendom, flerfamiliehus eller to-familiehus",Badeværelse i enheden,118, 1,118,Vandskyllende toilet i enheden,4, 1,-
672," Fortkaj 22, 2. th 2150 Nordhavn ",5395000.0,2015-07-02, Handelstype Alm. frit salg,https://www.boliga.dk//salg/info/101/18698/1F72681C-9D4C-4D78-9541-013B36F0BAED,https://www.boliga.dk//bbrinfo/1f72681c-9d4c-4d78-9541-013b36f0baed,"(55.70860402, 12.59680096)","Fortkaj 22, 1. th, 2150 Nordhavn",0101,Egentlig beboelseslejlighed,Eget køkken med afløb,"Bolig i etageejendom, flerfamiliehus eller to-familiehus",Badeværelse i enheden,118, 1,118,Vandskyllende toilet i enheden,4, 1,-
673," Sundkaj 69, st. tv 2150 Nordhavn ",4800000.0,2019-09-02, Handelstype Alm. frit salg,https://www.boliga.dk//salg/info/101/27115/52F5901A-5B29-473B-8751-D84412D64F8A,https://www.boliga.dk//bbrinfo/52f5901a-5b29-473b-8751-d84412d64f8a,"(55.70987215, 12.59726353)","Sundkaj 69, 1. th, 2150 Nordhavn",0101,Egentlig beboelseslejlighed,Eget køkken med afløb,"Bolig i etageejendom, flerfamiliehus eller to-familiehus",Badeværelse i enheden,106, 2,106,Vandskyllende toilet i enheden,3, 2,400 V el fra værk
674," Sundkaj 69, st. tv 2150 Nordhavn ",5000000.0,2017-08-02, Handelstype Alm. frit salg,https://www.boliga.dk//salg/info/101/27115/52F5901A-5B29-473B-8751-D84412D64F8A,https://www.boliga.dk//bbrinfo/52f5901a-5b29-473b-8751-d84412d64f8a,"(55.70987215, 12.59726353)","Sundkaj 69, 1. th, 2150 Nordhavn",0101,Egentlig beboelseslejlighed,Eget køkken med afløb,"Bolig i etageejendom, flerfamiliehus eller to-familiehus",Badeværelse i enheden,106, 2,106,Vandskyllende toilet i enheden,3, 2,400 V el fra værk
675," Sundkaj 35, 5. th 2150 Nordhavn ",9995000.0,2019-05-02, Handelstype Alm. frit salg,https://www.boliga.dk//salg/info/101/39987/F059CB07-AB46-486F-9265-91295F2DE4C2,https://www.boliga.dk//bbrinfo/f059cb07-ab46-486f-9265-91295f2de4c2,"(55.71027646, 12.59630391)","Sundkaj 35, 1. mf, 2150 Nordhavn",0101,Egentlig beboelseslejlighed,Eget køkken med afløb,"Bolig i etageejendom, flerfamiliehus eller to-familiehus",Badeværelse i enheden,147, 1,147,Vandskyllende toilet i enheden,4, 1,-
676," Trelleborggade 20, 3. th 2150 Nordhavn ",5876000.0,2019-05-01, Handelstype Alm. frit salg,https://www.boliga.dk//salg/info/101/21444/EA4088CC-1E75-475C-AD4D-DE969A821219,https://www.boliga.dk//bbrinfo/ea4088cc-1e75-475c-ad4d-de969a821219,"(55.70667705, 12.59415088)","Trelleborggade 20, 5., 2150 Nordhavn",0101,Egentlig beboelseslejlighed,Eget køkken med afløb,"Bolig i etageejendom, flerfamiliehus eller to-familiehus",Badeværelse i enheden,116, 2,116,Vandskyllende toilet i enheden,4, 2,-
677," Trelleborggade 20, 3. th 2150 Nordhavn ",4995000.0,2015-03-05, Handelstype Alm. frit salg,https://www.boliga.dk//salg/info/101/21444/EA4088CC-1E75-475C-AD4D-DE969A821219,https://www.boliga.dk//bbrinfo/ea4088cc-1e75-475c-ad4d-de969a821219,"(55.70667705, 12.59415088)","Trelleborggade 20, 5., 2150 Nordhavn",0101,Egentlig beboelseslejlighed,Eget køkken med afløb,"Bolig i etageejendom, flerfamiliehus eller to-familiehus",Badeværelse i enheden,116, 2,116,Vandskyllende toilet i enheden,4, 2,-
678," Trelleborggade 15, 2. 5 2150 Nordhavn ",6200000.0,2019-02-01, Handelstype Alm. frit salg,https://www.boliga.dk//salg/info/101/39335/19D01A7A-C2F2-48D9-A034-659F99780323,https://www.boliga.dk//bbrinfo/19d01a7a-c2f2-48d9-a034-659f99780323,"(55.70686603, 12.59442831)","Trelleborggade 15, 2150 Nordhavn",0101,Egentlig beboelseslejlighed,Eget køkken med afløb,"Bolig i etageejendom, flerfamiliehus eller to-familiehus",Badeværelse i enheden,143, 2,143,Vandskyllende toilet i enheden,4, 2,-
679," Sundkaj 37, 1. tv 2150 Nordhavn ",5295000.0,2019-02-01, Handelstype Alm. frit salg,https://www.boliga.dk//salg/info/101/39992/923445CC-1661-42A1-8FE5-39FAC8F956B9,https://www.boliga.dk//bbrinfo/923445cc-1661-42a1-8fe5-39fac8f956b9,"(55.71030166, 12.59612398)","Sundkaj 37, 1. th, 2150 Nordhavn",0101,Egentlig beboelseslejlighed,Eget køkken med afløb,"Bolig i etageejendom, flerfamiliehus eller to-familiehus",Badeværelse i enheden,98, 1,98,Vandskyllende toilet i enheden,4, 1,-
680," Sundkaj 3, 3. tv 2150 Nordhavn ",3895000.0,2019-02-01, Handelstype Alm. frit salg,https://www.boliga.dk//salg/info/101/33574/A84991BC-8273-47D9-BDC3-2305C94B9AC4,https://www.boliga.dk//bbrinfo/a84991bc-8273-47d9-bdc3-2305c94b9ac4,"(55.71032371, 12.59541217)","Sundkaj 3, 3. th, 2150 Nordhavn",0101,Egentlig beboelseslejlighed,Eget køkken med afløb,"Bolig i etageejendom, flerfamiliehus eller to-familiehus",Badeværelse i enheden,74, 1,74,Vandskyllende toilet i enheden,3, 1,-
681," Sundkaj 3, 3. tv 2150 Nordhavn ",3695000.0,2016-08-10, Handelstype Alm. frit salg,https://www.boliga.dk//salg/info/101/33574/A84991BC-8273-47D9-BDC3-2305C94B9AC4,https://www.boliga.dk//bbrinfo/a84991bc-8273-47d9-bdc3-2305c94b9ac4,"(55.71032371, 12.59541217)","Sundkaj 3, 3. th, 2150 Nordhavn",0101,Egentlig beboelseslejlighed,Eget køkken med afløb,"Bolig i etageejendom, flerfamiliehus eller to-familiehus",Badeværelse i enheden,74, 1,74,Vandskyllende toilet i enheden,3, 1,-
682," Sundkaj 35, 2. tv 2150 Nordhavn ",5195000.0,2019-04-10, Handelstype Alm. frit salg,https://www.boliga.dk//salg/info/101/39979/A8BF2331-D1AC-4A69-A7BB-959D1873C2CD,https://www.boliga.dk//bbrinfo/a8bf2331-d1ac-4a69-a7bb-959d1873c2cd,"(55.71027646, 12.59630391)","Sundkaj 35, 1. mf, 2150 Nordhavn",0101,Egentlig beboelseslejlighed,Eget køkken med afløb,"Bolig i etageejendom, flerfamiliehus eller to-familiehus",Badeværelse i enheden,91, 1,91,Vandskyllende toilet i enheden,4, 1,-
683," Trelleborggade 18, 3. tv 2150 Nordhavn ",5850000.0,2019-04-05, Handelstype Alm. frit salg,https://www.boliga.dk//salg/info/101/21428/72675B97-2127-44A7-AF10-560327DC43F9,https://www.boliga.dk//bbrinfo/72675b97-2127-44a7-af10-560327dc43f9,"(55.70665566, 12.59395718)","Trelleborggade 18, 1. th, 2150 Nordhavn",0101,Egentlig beboelseslejlighed,Eget køkken med afløb,"Bolig i etageejendom, flerfamiliehus eller to-familiehus",Badeværelse i enheden,106, 1,106,Vandskyllende toilet i enheden,4, 1,-
684," Trelleborggade 18, 3. tv 2150 Nordhavn ",4795000.0,2015-03-01, Handelstype Alm. frit salg,https://www.boliga.dk//salg/info/101/21428/72675B97-2127-44A7-AF10-560327DC43F9,https://www.boliga.dk//bbrinfo/72675b97-2127-44a7-af10-560327dc43f9,"(55.70665566, 12.59395718)","Trelleborggade 18, 1. th, 2150 Nordhavn",0101,Egentlig beboelseslejlighed,Eget køkken med afløb,"Bolig i etageejendom, flerfamiliehus eller to-familiehus",Badeværelse i enheden,106, 1,106,Vandskyllende toilet i enheden,4, 1,-
685," Sundkaj 1, 4. tv 2150 Nordhavn ",6995000.0,2019-04-02, Handelstype Alm. frit salg,https://www.boliga.dk//salg/info/101/33565/ED45DB96-BE71-42F7-8071-4280315CE06C,https://www.boliga.dk//bbrinfo/ed45db96-be71-42f7-8071-4280315ce06c,"(55.71043548, 12.59549773)","Sundkaj 1, 2150 Nordhavn",0101,Egentlig beboelseslejlighed,Eget køkken med afløb,"Bolig i etageejendom, flerfamiliehus eller to-familiehus",Badeværelse i enheden,122, 1,122,Vandskyllende toilet i enheden,4, 2,-
686," Sundkaj 81, 4. th 2150 Nordhavn ",7500000.0,2019-04-02, Handelstype Alm. frit salg,https://www.boliga.dk//salg/info/101/34146/C20ABC9B-1187-4AC1-A0BC-DBB43DAEFB9E,https://www.boliga.dk//bbrinfo/c20abc9b-1187-4ac1-a0bc-dbb43daefb9e,"(55.71000257, 12.59811116)","Sundkaj 81, 1. th, 2150 Nordhavn",0101,Egentlig beboelseslejlighed,Eget køkken med afløb,"Bolig i etageejendom, flerfamiliehus eller to-familiehus",Badeværelse i enheden,142, 1,142,Vandskyllende toilet i enheden,4, 1,-
687," Sundkaj 35, st. mf 2150 Nordhavn ",4400000.0,2019-04-01, Handelstype Alm. frit salg,https://www.boliga.dk//salg/info/101/39970/4FBBBDA8-3758-4F96-B62B-452BDA3C1160,https://www.boliga.dk//bbrinfo/4fbbbda8-3758-4f96-b62b-452bda3c1160,"(55.71027646, 12.59630391)","Sundkaj 35, 1. mf, 2150 Nordhavn",0101,Egentlig beboelseslejlighed,Eget køkken med afløb,"Bolig i etageejendom, flerfamiliehus eller to-familiehus",Badeværelse i enheden,102, 1,102,Vandskyllende toilet i enheden,4, 1,-
688," Murmanskgade 1, 3. tv 2150 Nordhavn ",3696500.0,2019-05-02, Handelstype Familieoverdragelse,https://www.boliga.dk//salg/info/101/17589/986B3288-EEA0-4835-BCBC-15368ACF45A3,https://www.boliga.dk//bbrinfo/986b3288-eea0-4835-bcbc-15368acf45a3,"(55.70691325, 12.59860775)","Murmanskgade 1, 1. mf, 2150 Nordhavn",0101,Egentlig beboelseslejlighed,Eget køkken med afløb,"Bolig i etageejendom, flerfamiliehus eller to-familiehus",Badeværelse i enheden,162, 1,162,Vandskyllende toilet i enheden,3, 1,400 V el fra værk
689," Murmanskgade 1, 3. tv 2150 Nordhavn ",7995000.0,2013-02-01, Handelstype Alm. frit salg,https://www.boliga.dk//salg/info/101/17589/986B3288-EEA0-4835-BCBC-15368ACF45A3,https://www.boliga.dk//bbrinfo/986b3288-eea0-4835-bcbc-15368acf45a3,"(55.70691325, 12.59860775)","Murmanskgade 1, 1. mf, 2150 Nordhavn",0101,Egentlig beboelseslejlighed,Eget køkken med afløb,"Bolig i etageejendom, flerfamiliehus eller to-familiehus",Badeværelse i enheden,162, 1,162,Vandskyllende toilet i enheden,3, 1,400 V el fra værk
690," Sundkaj 33, st. tv 2150 Nordhavn ",2955000.0,2019-03-02, Handelstype Alm. frit salg,https://www.boliga.dk//salg/info/101/39954/DA45CE63-2FBE-4340-AE88-8B9F37547B30,https://www.boliga.dk//bbrinfo/da45ce63-2fbe-4340-ae88-8b9f37547b30,"(55.71038191, 12.59642643)","Sundkaj 33, 1. mf, 2150 Nordhavn",0101,Egentlig beboelseslejlighed,Eget køkken med afløb,"Bolig i etageejendom, flerfamiliehus eller to-familiehus",Badeværelse i enheden,71, 1,71,Vandskyllende toilet i enheden,2, 1,-
691," Sundkaj 37, 5. th 2150 Nordhavn ",9075000.0,2019-02-02, Handelstype Alm. frit salg,https://www.boliga.dk//salg/info/101/40000/924E9660-97F8-497B-A2D6-BE167E182647,https://www.boliga.dk//bbrinfo/924e9660-97f8-497b-a2d6-be167e182647,"(55.71030166, 12.59612398)","Sundkaj 37, 1. th, 2150 Nordhavn",0101,Egentlig beboelseslejlighed,Eget køkken med afløb,"Bolig i etageejendom, flerfamiliehus eller to-familiehus",Badeværelse i enheden,137, 1,137,Vandskyllende toilet i enheden,4, 1,-
692," Sundkaj 71, st. tv 2150 Nordhavn ",7300000.0,2019-01-02, Handelstype Alm. frit salg,https://www.boliga.dk//salg/info/101/27102/66E3784F-DC93-4D96-9DB0-AE6134C7061F,https://www.boliga.dk//bbrinfo/66e3784f-dc93-4d96-9db0-ae6134c7061f,"(55.70985657, 12.59763541)","Sundkaj 71, 5., 2150 Nordhavn",0101,Egentlig beboelseslejlighed,Eget køkken med afløb,"Bolig i etageejendom, flerfamiliehus eller to-familiehus",Badeværelse i enheden,158, 2,158,Vandskyllende toilet i enheden,5, 2,400 V el fra værk
693," Trelleborggade 4, 1. tv 2150 Nordhavn ",5700000.0,2019-01-02, Handelstype Alm. frit salg,https://www.boliga.dk//salg/info/101/18804/0B5D62DA-2970-4D7D-9004-D162F1E6232E,https://www.boliga.dk//bbrinfo/0b5d62da-2970-4d7d-9004-d162f1e6232e,"(55.70626356, 12.592053)","Trelleborggade 4, 4. th, 2150 Nordhavn",0101,Egentlig beboelseslejlighed,Eget køkken med afløb,"Bolig i etageejendom, flerfamiliehus eller to-familiehus",Badeværelse i enheden,103, 1,103,Vandskyllende toilet i enheden,4, 1,-
694," Trelleborggade 4, 1. tv 2150 Nordhavn ",4795000.0,2016-01-07, Handelstype Alm. frit salg,https://www.boliga.dk//salg/info/101/18804/0B5D62DA-2970-4D7D-9004-D162F1E6232E,https://www.boliga.dk//bbrinfo/0b5d62da-2970-4d7d-9004-d162f1e6232e,"(55.70626356, 12.592053)","Trelleborggade 4, 4. th, 2150 Nordhavn",0101,Egentlig beboelseslejlighed,Eget køkken med afløb,"Bolig i etageejendom, flerfamiliehus eller to-familiehus",Badeværelse i enheden,103, 1,103,Vandskyllende toilet i enheden,4, 1,-
695," Trelleborggade 14, 3. th 2150 Nordhavn ",2995000.0,2019-03-20, Handelstype Alm. frit salg,https://www.boliga.dk//salg/info/101/21405/D2CD4A2E-17BF-42BF-9FDD-F4A00A72B372,https://www.boliga.dk//bbrinfo/d2cd4a2e-17bf-42bf-9fdd-f4a00a72b372,"(55.70661575, 12.59357322)","Trelleborggade 14, 5., 2150 Nordhavn",0101,Egentlig beboelseslejlighed,Eget køkken med afløb,"Bolig i etageejendom, flerfamiliehus eller to-familiehus",Badeværelse i enheden,58, 1,58,Vandskyllende toilet i enheden,2, 1,-
696," Trelleborggade 14, 3. th 2150 Nordhavn ",2425000.0,2015-03-09, Handelstype Alm. frit salg,https://www.boliga.dk//salg/info/101/21405/D2CD4A2E-17BF-42BF-9FDD-F4A00A72B372,https://www.boliga.dk//bbrinfo/d2cd4a2e-17bf-42bf-9fdd-f4a00a72b372,"(55.70661575, 12.59357322)","Trelleborggade 14, 5., 2150 Nordhavn",0101,Egentlig beboelseslejlighed,Eget køkken med afløb,"Bolig i etageejendom, flerfamiliehus eller to-familiehus",Badeværelse i enheden,58, 1,58,Vandskyllende toilet i enheden,2, 1,-
697," Sundkaj 91, 4. th 2150 Nordhavn ",4895000.0,2019-09-01, Handelstype Alm. frit salg,https://www.boliga.dk//salg/info/101/34093/3382DD18-5595-4E54-83B8-F57B75BE30FA,https://www.boliga.dk//bbrinfo/3382dd18-5595-4e54-83b8-f57b75be30fa,"(55.70966782, 12.5985478)","Sundkaj 91, 1. mf, 2150 Nordhavn",0101,Egentlig beboelseslejlighed,Eget køkken med afløb,"Bolig i etageejendom, flerfamiliehus eller to-familiehus",Badeværelse i enheden,86, 1,86,Vandskyllende toilet i enheden,3, 1,-
698," Dover Passage 2, 3 2150 Nordhavn ",5500000.0,2019-08-01, Handelstype Alm. frit salg,https://www.boliga.dk//salg/info/101/18740/BD54C9DA-6634-4F0B-8572-85D70CCD144D,https://www.boliga.dk//bbrinfo/bd54c9da-6634-4f0b-8572-85d70ccd144d,"(55.70849348, 12.59608751)","Dover Passage 2, 2. th, 2150 Nordhavn",0101,Egentlig beboelseslejlighed,Eget køkken med afløb,"Bolig i etageejendom, flerfamiliehus eller to-familiehus",Badeværelse i enheden,115, 1,115,Vandskyllende toilet i enheden,4, 1,-
699," Dover Passage 2, 3 2150 Nordhavn ",4295000.0,2014-01-01, Handelstype Alm. frit salg,https://www.boliga.dk//salg/info/101/18740/BD54C9DA-6634-4F0B-8572-85D70CCD144D,https://www.boliga.dk//bbrinfo/bd54c9da-6634-4f0b-8572-85d70ccd144d,"(55.70849348, 12.59608751)","Dover Passage 2, 2. th, 2150 Nordhavn",0101,Egentlig beboelseslejlighed,Eget køkken med afløb,"Bolig i etageejendom, flerfamiliehus eller to-familiehus",Badeværelse i enheden,115, 1,115,Vandskyllende toilet i enheden,4, 1,-
700," Trelleborggade 4, 1. th 2150 Nordhavn ",5650000.0,2019-03-08, Handelstype Alm. frit salg,https://www.boliga.dk//salg/info/101/18805/1B3B7EA1-61C0-4A62-9294-711BE4A8A489,https://www.boliga.dk//bbrinfo/1b3b7ea1-61c0-4a62-9294-711be4a8a489,"(55.70626356, 12.592053)","Trelleborggade 4, 4. th, 2150 Nordhavn",0101,Egentlig beboelseslejlighed,Eget køkken med afløb,"Bolig i etageejendom, flerfamiliehus eller to-familiehus",Badeværelse i enheden,103, 1,103,Vandskyllende toilet i enheden,3, 1,-
701," Trelleborggade 4, 1. th 2150 Nordhavn ",4845000.0,2015-03-01, Handelstype Alm. frit salg,https://www.boliga.dk//salg/info/101/18805/1B3B7EA1-61C0-4A62-9294-711BE4A8A489,https://www.boliga.dk//bbrinfo/1b3b7ea1-61c0-4a62-9294-711be4a8a489,"(55.70626356, 12.592053)","Trelleborggade 4, 4. th, 2150 Nordhavn",0101,Egentlig beboelseslejlighed,Eget køkken med afløb,"Bolig i etageejendom, flerfamiliehus eller to-familiehus",Badeværelse i enheden,103, 1,103,Vandskyllende toilet i enheden,3, 1,-
702," Trelleborggade 14, st. th 2150 Nordhavn ",4700000.0,2019-03-04, Handelstype Alm. frit salg,https://www.boliga.dk//salg/info/101/21396/6ACCD4CE-C961-4342-AD92-0764B750B3DE,https://www.boliga.dk//bbrinfo/6accd4ce-c961-4342-ad92-0764b750b3de,"(55.70661575, 12.59357322)","Trelleborggade 14, 5., 2150 Nordhavn",0101,Egentlig beboelseslejlighed,Eget køkken med afløb,"Bolig i etageejendom, flerfamiliehus eller to-familiehus",Badeværelse i enheden,92, 2,92,Vandskyllende toilet i enheden,3, 2,-
703," Trelleborggade 14, st. th 2150 Nordhavn ",3995000.0,2015-06-02, Handelstype Alm. frit salg,https://www.boliga.dk//salg/info/101/21396/6ACCD4CE-C961-4342-AD92-0764B750B3DE,https://www.boliga.dk//bbrinfo/6accd4ce-c961-4342-ad92-0764b750b3de,"(55.70661575, 12.59357322)","Trelleborggade 14, 5., 2150 Nordhavn",0101,Egentlig beboelseslejlighed,Eget køkken med afløb,"Bolig i etageejendom, flerfamiliehus eller to-familiehus",Badeværelse i enheden,92, 2,92,Vandskyllende toilet i enheden,3, 2,-
704," Sundkaj 29, 1. tv 2150 Nordhavn ",3195000.0,2019-03-04, Handelstype Alm. frit salg,https://www.boliga.dk//salg/info/101/40019/045D0B81-606D-49D0-B193-9F651B365CBE,https://www.boliga.dk//bbrinfo/045d0b81-606d-49d0-b193-9f651b365cbe,"(55.71055008, 12.59594205)","Sundkaj 29, 1. mf, 2150 Nordhavn",0101,Egentlig beboelseslejlighed,Eget køkken med afløb,"Bolig i etageejendom, flerfamiliehus eller to-familiehus",Badeværelse i enheden,70, 1,70,Vandskyllende toilet i enheden,2, 1,-
705," Sundkaj 29, st. tv 2150 Nordhavn ",2995000.0,2019-07-02, Handelstype Alm. frit salg,https://www.boliga.dk//salg/info/101/40016/14E88EB0-0672-4D23-9BB4-BB5C7E7FCFDD,https://www.boliga.dk//bbrinfo/14e88eb0-0672-4d23-9bb4-bb5c7e7fcfdd,"(55.71055008, 12.59594205)","Sundkaj 29, 1. mf, 2150 Nordhavn",0101,Egentlig beboelseslejlighed,Eget køkken med afløb,"Bolig i etageejendom, flerfamiliehus eller to-familiehus",Badeværelse i enheden,70, 1,70,Vandskyllende toilet i enheden,2, 1,-
706," Sundkaj 41, 4. th 2150 Nordhavn ",3725000.0,2019-05-02, Handelstype Alm. frit salg,https://www.boliga.dk//salg/info/101/27149/17E4890B-721D-4CB9-84EE-2F59264E5553,https://www.boliga.dk//bbrinfo/17e4890b-721d-4cb9-84ee-2f59264e5553,"(55.71004763, 12.59665472)","Sundkaj 41, 4., 2150 Nordhavn",0101,Egentlig beboelseslejlighed,Eget køkken med afløb,"Bolig i etageejendom, flerfamiliehus eller to-familiehus",Badeværelse i enheden,70, 1,70,Vandskyllende toilet i enheden,2, 1,400 V el fra værk
707," Sundkaj 41, 4. th 2150 Nordhavn ",3035696.0,2015-02-02, Handelstype Alm. frit salg,https://www.boliga.dk//salg/info/101/27149/17E4890B-721D-4CB9-84EE-2F59264E5553,https://www.boliga.dk//bbrinfo/17e4890b-721d-4cb9-84ee-2f59264e5553,"(55.71004763, 12.59665472)","Sundkaj 41, 4., 2150 Nordhavn",0101,Egentlig beboelseslejlighed,Eget køkken med afløb,"Bolig i etageejendom, flerfamiliehus eller to-familiehus",Badeværelse i enheden,70, 1,70,Vandskyllende toilet i enheden,2, 1,400 V el fra værk
708," Dover Passage 4, 1. th 2150 Nordhavn ",4950000.0,2019-02-20, Handelstype Alm. frit salg,https://www.boliga.dk//salg/info/101/18724/124781E5-24C7-4A64-AAC7-0E73AEF55CB4,https://www.boliga.dk//bbrinfo/124781e5-24c7-4a64-aac7-0e73aef55cb4,"(55.70863885, 12.59617413)","Dover Passage 4, 1. mf, 2150 Nordhavn",0101,Egentlig beboelseslejlighed,Eget køkken med afløb,"Bolig i etageejendom, flerfamiliehus eller to-familiehus",Badeværelse i enheden,101, 1,101,Vandskyllende toilet i enheden,4, 1,-
709," Dover Passage 4, 1. th 2150 Nordhavn ",3495000.0,2014-07-02, Handelstype Alm. frit salg,https://www.boliga.dk//salg/info/101/18724/124781E5-24C7-4A64-AAC7-0E73AEF55CB4,https://www.boliga.dk//bbrinfo/124781e5-24c7-4a64-aac7-0e73aef55cb4,"(55.70863885, 12.59617413)","Dover Passage 4, 1. mf, 2150 Nordhavn",0101,Egentlig beboelseslejlighed,Eget køkken med afløb,"Bolig i etageejendom, flerfamiliehus eller to-familiehus",Badeværelse i enheden,101, 1,101,Vandskyllende toilet i enheden,4, 1,-
710," Fortkaj 30, 8. th 2150 Nordhavn ",7850000.0,2019-02-06, Handelstype Alm. frit salg,https://www.boliga.dk//salg/info/101/23287/CEA958F3-2393-4D21-9ADE-4779CC631511,https://www.boliga.dk//bbrinfo/cea958f3-2393-4d21-9ade-4779cc631511,"(55.70839574, 12.59807131)","Fortkaj 30, 2150 Nordhavn",0101,Egentlig beboelseslejlighed,Eget køkken med afløb,"Bolig i etageejendom, flerfamiliehus eller to-familiehus",Badeværelse i enheden,214, 2,214,Vandskyllende toilet i enheden,3, 2,400 V el fra værk
711," Fortkaj 30, 8. th 2150 Nordhavn ",15950000.0,2018-03-01, Handelstype Alm. frit salg,https://www.boliga.dk//salg/info/101/23287/CEA958F3-2393-4D21-9ADE-4779CC631511,https://www.boliga.dk//bbrinfo/cea958f3-2393-4d21-9ade-4779cc631511,"(55.70839574, 12.59807131)","Fortkaj 30, 2150 Nordhavn",0101,Egentlig beboelseslejlighed,Eget køkken med afløb,"Bolig i etageejendom, flerfamiliehus eller to-familiehus",Badeværelse i enheden,214, 2,214,Vandskyllende toilet i enheden,3, 2,400 V el fra værk
712," Fortkaj 30, 8. th 2150 Nordhavn ",12450286.0,2017-07-02, Handelstype Alm. frit salg,https://www.boliga.dk//salg/info/101/23287/CEA958F3-2393-4D21-9ADE-4779CC631511,https://www.boliga.dk//bbrinfo/cea958f3-2393-4d21-9ade-4779cc631511,"(55.70839574, 12.59807131)","Fortkaj 30, 2150 Nordhavn",0101,Egentlig beboelseslejlighed,Eget køkken med afløb,"Bolig i etageejendom, flerfamiliehus eller to-familiehus",Badeværelse i enheden,214, 2,214,Vandskyllende toilet i enheden,3, 2,400 V el fra værk
713," Sundkaj 33, st. th 2150 Nordhavn ",3895000.0,2019-02-04, Handelstype Alm. frit salg,https://www.boliga.dk//salg/info/101/39956/82A8C691-777A-4930-BBFF-4C4D7F5F7771,https://www.boliga.dk//bbrinfo/82a8c691-777a-4930-bbff-4c4d7f5f7771,"(55.71038191, 12.59642643)","Sundkaj 33, 1. mf, 2150 Nordhavn",0101,Egentlig beboelseslejlighed,Eget køkken med afløb,"Bolig i etageejendom, flerfamiliehus eller to-familiehus",Badeværelse i enheden,91, 1,91,Vandskyllende toilet i enheden,3, 1,-
714," Göteborg Plads 4, 5. tv 2150 Nordhavn ",14000000.0,2019-01-30, Handelstype Alm. frit salg,https://www.boliga.dk//salg/info/101/17623/C06A31EF-696F-40E3-87FC-A44986A2C0AD,https://www.boliga.dk//bbrinfo/c06a31ef-696f-40e3-87fc-a44986a2c0ad,"(55.70683921, 12.59778127)","Göteborg Plads 4, 4. mf, 2150 Nordhavn",0101,Egentlig beboelseslejlighed,Eget køkken med afløb,"Bolig i etageejendom, flerfamiliehus eller to-familiehus",Badeværelse i enheden,170, 1,170,Vandskyllende toilet i enheden,3, 1,400 V el fra værk
715," Göteborg Plads 4, 5. tv 2150 Nordhavn ",11500000.0,2015-06-02, Handelstype Alm. frit salg,https://www.boliga.dk//salg/info/101/17623/C06A31EF-696F-40E3-87FC-A44986A2C0AD,https://www.boliga.dk//bbrinfo/c06a31ef-696f-40e3-87fc-a44986a2c0ad,"(55.70683921, 12.59778127)","Göteborg Plads 4, 4. mf, 2150 Nordhavn",0101,Egentlig beboelseslejlighed,Eget køkken med afløb,"Bolig i etageejendom, flerfamiliehus eller to-familiehus",Badeværelse i enheden,170, 1,170,Vandskyllende toilet i enheden,3, 1,400 V el fra værk
716," Sundkaj 79, 1. tv 2150 Nordhavn ",4650000.0,2019-02-02, Handelstype Alm. frit salg,https://www.boliga.dk//salg/info/101/34128/894A94F7-82E1-43B0-8D6D-B2330128E662,https://www.boliga.dk//bbrinfo/894a94f7-82e1-43b0-8d6d-b2330128e662,"(55.70991297, 12.59805412)","Sundkaj 79, 1. th, 2150 Nordhavn",0101,Egentlig beboelseslejlighed,Eget køkken med afløb,"Bolig i etageejendom, flerfamiliehus eller to-familiehus",Badeværelse i enheden,102, 1,102,Vandskyllende toilet i enheden,4, 1,-
717," Trelleborggade 2, 1. tv 2150 Nordhavn ",4950000.0,2019-01-01, Handelstype Alm. frit salg,https://www.boliga.dk//salg/info/101/18802/CC76ACA9-C50B-4C70-98DE-A6023A18AE4F,https://www.boliga.dk//bbrinfo/cc76aca9-c50b-4c70-98de-a6023a18ae4f,"(55.70624485, 12.59183821)","Trelleborggade 2, 2. mf, 2150 Nordhavn",0101,Egentlig beboelseslejlighed,Eget køkken med afløb,"Bolig i etageejendom, flerfamiliehus eller to-familiehus",Badeværelse i enheden,105, 1,105,Vandskyllende toilet i enheden,3, 1,-
718," Trelleborggade 2, 1. tv 2150 Nordhavn ",4575000.0,2016-03-09, Handelstype Alm. frit salg,https://www.boliga.dk//salg/info/101/18802/CC76ACA9-C50B-4C70-98DE-A6023A18AE4F,https://www.boliga.dk//bbrinfo/cc76aca9-c50b-4c70-98de-a6023a18ae4f,"(55.70624485, 12.59183821)","Trelleborggade 2, 2. mf, 2150 Nordhavn",0101,Egentlig beboelseslejlighed,Eget køkken med afløb,"Bolig i etageejendom, flerfamiliehus eller to-familiehus",Badeværelse i enheden,105, 1,105,Vandskyllende toilet i enheden,3, 1,-
719," Fortkaj 30, 8. tv 2150 Nordhavn ",12000000.0,2019-01-01, Handelstype Alm. frit salg,https://www.boliga.dk//salg/info/101/23286/14176A61-F06B-4507-B8E6-EC21502BB96B,https://www.boliga.dk//bbrinfo/14176a61-f06b-4507-b8e6-ec21502bb96b,"(55.70839574, 12.59807131)","Fortkaj 30, 2150 Nordhavn",0101,Egentlig beboelseslejlighed,Eget køkken med afløb,"Bolig i etageejendom, flerfamiliehus eller to-familiehus",Badeværelse i enheden,139, 1,139,Vandskyllende toilet i enheden,4, 1,400 V el fra værk
720," Fortkaj 30, 8. tv 2150 Nordhavn ",8149526.0,2017-04-01, Handelstype Alm. frit salg,https://www.boliga.dk//salg/info/101/23286/14176A61-F06B-4507-B8E6-EC21502BB96B,https://www.boliga.dk//bbrinfo/14176a61-f06b-4507-b8e6-ec21502bb96b,"(55.70839574, 12.59807131)","Fortkaj 30, 2150 Nordhavn",0101,Egentlig beboelseslejlighed,Eget køkken med afløb,"Bolig i etageejendom, flerfamiliehus eller to-familiehus",Badeværelse i enheden,139, 1,139,Vandskyllende toilet i enheden,4, 1,400 V el fra værk
721," Sundkaj 89, 4. th 2150 Nordhavn ",5650000.0,2018-12-20, Handelstype Alm. frit salg,https://www.boliga.dk//salg/info/101/34108/C06FF74B-DD7A-41D8-AC86-30E369217FE7,https://www.boliga.dk//bbrinfo/c06ff74b-dd7a-41d8-ac86-30e369217fe7,"(55.70966823, 12.598245)","Sundkaj 89, 1. th, 2150 Nordhavn",0101,Egentlig beboelseslejlighed,Eget køkken med afløb,"Bolig i etageejendom, flerfamiliehus eller to-familiehus",Badeværelse i enheden,92, 1,92,Vandskyllende toilet i enheden,4, 1,-
722," Sandkaj 17, 4. th 2150 Nordhavn ",2876068.0,2018-07-01, Handelstype Salg i øvrigt,https://www.boliga.dk//salg/info/101/21486/F680AB86-EA97-41FA-9E80-47C76858298C,https://www.boliga.dk//bbrinfo/f680ab86-ea97-41fa-9e80-47c76858298c,"(55.70637451, 12.59427245)","Sandkaj 17, 1. th, 2150 Nordhavn",0101,Egentlig beboelseslejlighed,Eget køkken med afløb,"Bolig i etageejendom, flerfamiliehus eller to-familiehus",Badeværelse i enheden,126, 2,126,Vandskyllende toilet i enheden,4, 2,-
723," Sandkaj 17, 4. th 2150 Nordhavn ",7395000.0,2015-09-01, Handelstype Alm. frit salg,https://www.boliga.dk//salg/info/101/21486/F680AB86-EA97-41FA-9E80-47C76858298C,https://www.boliga.dk//bbrinfo/f680ab86-ea97-41fa-9e80-47c76858298c,"(55.70637451, 12.59427245)","Sandkaj 17, 1. th, 2150 Nordhavn",0101,Egentlig beboelseslejlighed,Eget køkken med afløb,"Bolig i etageejendom, flerfamiliehus eller to-familiehus",Badeværelse i enheden,126, 2,126,Vandskyllende toilet i enheden,4, 2,-
724," Trelleborggade 15, 4. 1 2150 Nordhavn ",7100000.0,2018-02-01, Handelstype Alm. frit salg,https://www.boliga.dk//salg/info/101/39346/0E18D4A5-BADC-45D5-ABA5-AB242D1E857B,https://www.boliga.dk//bbrinfo/0e18d4a5-badc-45d5-aba5-ab242d1e857b,"(55.70686603, 12.59442831)","Trelleborggade 15, 2150 Nordhavn",0101,Egentlig beboelseslejlighed,Eget køkken med afløb,"Bolig i etageejendom, flerfamiliehus eller to-familiehus",Badeværelse i enheden,144, 2,144,Vandskyllende toilet i enheden,4, 2,-
725," Helsinkigade 29, 8. tv 2150 Nordhavn ",11300000.0,2018-12-10, Handelstype Alm. frit salg,https://www.boliga.dk//salg/info/101/23305/A839EF1D-BF89-4472-9DE6-8A9470EBC783,https://www.boliga.dk//bbrinfo/a839ef1d-bf89-4472-9de6-8a9470ebc783,"(55.70806117, 12.59788684)","Helsinkigade 29, 2150 Nordhavn",0101,Egentlig beboelseslejlighed,Eget køkken med afløb,"Bolig i etageejendom, flerfamiliehus eller to-familiehus",Badeværelse i enheden,146, 1,146,Vandskyllende toilet i enheden,3, 2,400 V el fra værk
726," Helsinkigade 29, 8. tv 2150 Nordhavn ",8116539.0,2015-09-01, Handelstype Alm. frit salg,https://www.boliga.dk//salg/info/101/23305/A839EF1D-BF89-4472-9DE6-8A9470EBC783,https://www.boliga.dk//bbrinfo/a839ef1d-bf89-4472-9de6-8a9470ebc783,"(55.70806117, 12.59788684)","Helsinkigade 29, 2150 Nordhavn",0101,Egentlig beboelseslejlighed,Eget køkken med afløb,"Bolig i etageejendom, flerfamiliehus eller to-familiehus",Badeværelse i enheden,146, 1,146,Vandskyllende toilet i enheden,3, 2,400 V el fra værk
727," Sundkaj 81, 4. tv 2150 Nordhavn ",6795000.0,2018-12-01, Handelstype Alm. frit salg,https://www.boliga.dk//salg/info/101/34147/FE1CA537-AE13-47C1-B227-215DAC401DC4,https://www.boliga.dk//bbrinfo/fe1ca537-ae13-47c1-b227-215dac401dc4,"(55.71000257, 12.59811116)","Sundkaj 81, 1. th, 2150 Nordhavn",0101,Egentlig beboelseslejlighed,Eget køkken med afløb,"Bolig i etageejendom, flerfamiliehus eller to-familiehus",Badeværelse i enheden,136, 1,136,Vandskyllende toilet i enheden,4, 1,-
728," Sundkaj 93, 1. th 2150 Nordhavn ",4795000.0,2018-09-01, Handelstype Alm. frit salg,https://www.boliga.dk//salg/info/101/34073/63E3B9A9-2E8D-4B51-8C7E-66C68F75B1E5,https://www.boliga.dk//bbrinfo/63e3b9a9-2e8d-4b51-8c7e-66c68f75b1e5,"(55.7097779, 12.59860564)","Sundkaj 93, 1. th, 2150 Nordhavn",0101,Egentlig beboelseslejlighed,Eget køkken med afløb,"Bolig i etageejendom, flerfamiliehus eller to-familiehus",Badeværelse i enheden,98, 1,98,Vandskyllende toilet i enheden,4, 1,-
729," Sundkaj 35, 3. tv 2150 Nordhavn ",5295000.0,2018-06-01, Handelstype Alm. frit salg,https://www.boliga.dk//salg/info/101/39982/C50D54EC-5AC1-4356-8139-0E3F7F5730CF,https://www.boliga.dk//bbrinfo/c50d54ec-5ac1-4356-8139-0e3f7f5730cf,"(55.71027646, 12.59630391)","Sundkaj 35, 1. mf, 2150 Nordhavn",0101,Egentlig beboelseslejlighed,Eget køkken med afløb,"Bolig i etageejendom, flerfamiliehus eller to-familiehus",Badeværelse i enheden,91, 1,91,Vandskyllende toilet i enheden,4, 1,-
730," Sundkaj 89, 1. tv 2150 Nordhavn ",5850000.0,2018-10-30, Handelstype Alm. frit salg,https://www.boliga.dk//salg/info/101/34103/D08C70FE-9098-4BB1-BD82-C8AD1D51EB4F,https://www.boliga.dk//bbrinfo/d08c70fe-9098-4bb1-bd82-c8ad1d51eb4f,"(55.70966823, 12.598245)","Sundkaj 89, 1. th, 2150 Nordhavn",0101,Egentlig beboelseslejlighed,Eget køkken med afløb,"Bolig i etageejendom, flerfamiliehus eller to-familiehus",Badeværelse i enheden,96, 1,96,Vandskyllende toilet i enheden,4, 1,-
731," Sundkaj 79, 2. th 2150 Nordhavn ",4755000.0,2018-09-02, Handelstype Alm. frit salg,https://www.boliga.dk//salg/info/101/34131/CCEF4B5B-200F-4A2F-9109-EF74904BECFD,https://www.boliga.dk//bbrinfo/ccef4b5b-200f-4a2f-9109-ef74904becfd,"(55.70991297, 12.59805412)","Sundkaj 79, 1. th, 2150 Nordhavn",0101,Egentlig beboelseslejlighed,Eget køkken med afløb,"Bolig i etageejendom, flerfamiliehus eller to-familiehus",Badeværelse i enheden,97, 1,97,Vandskyllende toilet i enheden,4, 1,-
732," Helsinkigade 18, 6. 2 2150 Nordhavn ",4850000.0,2018-05-02, Handelstype Alm. frit salg,https://www.boliga.dk//salg/info/101/21584/872F8DFB-C8CA-424C-9FEB-2EA6E8B9B2A2,https://www.boliga.dk//bbrinfo/872f8dfb-c8ca-424c-9feb-2ea6e8b9b2a2,"(55.70798351, 12.59704886)","Helsinkigade 18, 2. 2, 2150 Nordhavn",0101,Egentlig beboelseslejlighed,Eget køkken med afløb,"Bolig i etageejendom, flerfamiliehus eller to-familiehus",Badeværelse i enheden,84, 1,84,Vandskyllende toilet i enheden,2, 1,-
733," Helsinkigade 18, 6. 2 2150 Nordhavn ",3456176.0,2016-12-09, Handelstype Alm. frit salg,https://www.boliga.dk//salg/info/101/21584/872F8DFB-C8CA-424C-9FEB-2EA6E8B9B2A2,https://www.boliga.dk//bbrinfo/872f8dfb-c8ca-424c-9feb-2ea6e8b9b2a2,"(55.70798351, 12.59704886)","Helsinkigade 18, 2. 2, 2150 Nordhavn",0101,Egentlig beboelseslejlighed,Eget køkken med afløb,"Bolig i etageejendom, flerfamiliehus eller to-familiehus",Badeværelse i enheden,84, 1,84,Vandskyllende toilet i enheden,2, 1,-
734," Sundkaj 35, 2. mf 2150 Nordhavn ",4895000.0,2018-07-01, Handelstype Alm. frit salg,https://www.boliga.dk//salg/info/101/39976/A45BB946-90A8-4181-B459-BAEAECC3CAAC,https://www.boliga.dk//bbrinfo/a45bb946-90a8-4181-b459-baeaecc3caac,"(55.71027646, 12.59630391)","Sundkaj 35, 1. mf, 2150 Nordhavn",0101,Egentlig beboelseslejlighed,Eget køkken med afløb,"Bolig i etageejendom, flerfamiliehus eller to-familiehus",Badeværelse i enheden,102, 1,102,Vandskyllende toilet i enheden,4, 1,-
735," Fortkaj 20, 4. th 2150 Nordhavn ",3297500.0,2018-02-01, Handelstype Familieoverdragelse,https://www.boliga.dk//salg/info/101/18715/1741A422-76F3-403D-A739-39BF655D88C9,https://www.boliga.dk//bbrinfo/1741a422-76f3-403d-a739-39bf655d88c9,"(55.70865592, 12.59648753)","Fortkaj 20, 1. th, 2150 Nordhavn",0101,Egentlig beboelseslejlighed,Eget køkken med afløb,"Bolig i etageejendom, flerfamiliehus eller to-familiehus",Badeværelse i enheden,116, 1,116,Vandskyllende toilet i enheden,4, 1,-
736," Fortkaj 20, 4. th 2150 Nordhavn ",6595000.0,2015-07-02, Handelstype Alm. frit salg,https://www.boliga.dk//salg/info/101/18715/1741A422-76F3-403D-A739-39BF655D88C9,https://www.boliga.dk//bbrinfo/1741a422-76f3-403d-a739-39bf655d88c9,"(55.70865592, 12.59648753)","Fortkaj 20, 1. th, 2150 Nordhavn",0101,Egentlig beboelseslejlighed,Eget køkken med afløb,"Bolig i etageejendom, flerfamiliehus eller to-familiehus",Badeværelse i enheden,116, 1,116,Vandskyllende toilet i enheden,4, 1,-
737," Antwerpengade 15, 5. th 2150 Nordhavn ",0.0,2021-04-07, Handelstype Alm. frit salg,https://www.boliga.dk//salg/info/101/15824/DBD0F2B3-CFB5-4595-A3A8-010C6588FD59,https://www.boliga.dk//bbrinfo/dbd0f2b3-cfb5-4595-a3a8-010c6588fd59,"(55.7073385, 12.59625824)","Antwerpengade 15, 1. mf, 2150 Nordhavn",0101,Egentlig beboelseslejlighed,Eget køkken med afløb,"Bolig i etageejendom, flerfamiliehus eller to-familiehus",Badeværelse i enheden,145, 1,145,Vandskyllende toilet i enheden,4, 2,-
738," Antwerpengade 15, 5. th 2150 Nordhavn ",9995000.0,2018-10-09, Handelstype Alm. frit salg,https://www.boliga.dk//salg/info/101/15824/DBD0F2B3-CFB5-4595-A3A8-010C6588FD59,https://www.boliga.dk//bbrinfo/dbd0f2b3-cfb5-4595-a3a8-010c6588fd59,"(55.7073385, 12.59625824)","Antwerpengade 15, 1. mf, 2150 Nordhavn",0101,Egentlig beboelseslejlighed,Eget køkken med afløb,"Bolig i etageejendom, flerfamiliehus eller to-familiehus",Badeværelse i enheden,145, 1,145,Vandskyllende toilet i enheden,4, 2,-
739," Antwerpengade 15, 5. th 2150 Nordhavn ",6255448.0,2013-01-02, Handelstype Alm. frit salg,https://www.boliga.dk//salg/info/101/15824/DBD0F2B3-CFB5-4595-A3A8-010C6588FD59,https://www.boliga.dk//bbrinfo/dbd0f2b3-cfb5-4595-a3a8-010c6588fd59,"(55.7073385, 12.59625824)","Antwerpengade 15, 1. mf, 2150 Nordhavn",0101,Egentlig beboelseslejlighed,Eget køkken med afløb,"Bolig i etageejendom, flerfamiliehus eller to-familiehus",Badeværelse i enheden,145, 1,145,Vandskyllende toilet i enheden,4, 2,-
740," Sundkaj 93, st. th 2150 Nordhavn ",4395000.0,2018-10-03, Handelstype Alm. frit salg,https://www.boliga.dk//salg/info/101/34071/FA437C23-8B74-4184-BE9B-0CE3DBB163AC,https://www.boliga.dk//bbrinfo/fa437c23-8b74-4184-be9b-0ce3dbb163ac,"(55.7097779, 12.59860564)","Sundkaj 93, 1. th, 2150 Nordhavn",0101,Egentlig beboelseslejlighed,Eget køkken med afløb,"Bolig i etageejendom, flerfamiliehus eller to-familiehus",Badeværelse i enheden,98, 1,98,Vandskyllende toilet i enheden,3, 1,-
741," Antwerpengade 13, 1. 5 2150 Nordhavn ",3495000.0,2018-10-03, Handelstype Alm. frit salg,https://www.boliga.dk//salg/info/101/16525/879B6C5A-00B8-4CD2-8F0B-923FF8BD84DC,https://www.boliga.dk//bbrinfo/879b6c5a-00b8-4cd2-8f0b-923ff8bd84dc,"(55.70731023, 12.5960295)","Antwerpengade 13, 1. 1, 2150 Nordhavn",0101,Egentlig beboelseslejlighed,Eget køkken med afløb,"Bolig i etageejendom, flerfamiliehus eller to-familiehus",Badeværelse i enheden,72, 1,72,Vandskyllende toilet i enheden,2, 1,-
742," Antwerpengade 13, 1. 5 2150 Nordhavn ",2875000.0,2015-04-01, Handelstype Alm. frit salg,https://www.boliga.dk//salg/info/101/16525/879B6C5A-00B8-4CD2-8F0B-923FF8BD84DC,https://www.boliga.dk//bbrinfo/879b6c5a-00b8-4cd2-8f0b-923ff8bd84dc,"(55.70731023, 12.5960295)","Antwerpengade 13, 1. 1, 2150 Nordhavn",0101,Egentlig beboelseslejlighed,Eget køkken med afløb,"Bolig i etageejendom, flerfamiliehus eller to-familiehus",Badeværelse i enheden,72, 1,72,Vandskyllende toilet i enheden,2, 1,-
743," Sundkaj 33, st. mf 2150 Nordhavn ",3595000.0,2018-10-01, Handelstype Alm. frit salg,https://www.boliga.dk//salg/info/101/39955/8B9BDC6D-6DEC-4145-8DDC-10700267EBC0,https://www.boliga.dk//bbrinfo/8b9bdc6d-6dec-4145-8ddc-10700267ebc0,"(55.71038191, 12.59642643)","Sundkaj 33, 1. mf, 2150 Nordhavn",0101,Egentlig beboelseslejlighed,Eget køkken med afløb,"Bolig i etageejendom, flerfamiliehus eller to-familiehus",Badeværelse i enheden,78, 1,78,Vandskyllende toilet i enheden,3, 1,-
744," Århusgade 131A, 1. tv 2150 Nordhavn ",3450000.0,2018-01-02, Handelstype Alm. frit salg,https://www.boliga.dk//salg/info/101/19596/3C2A8790-7997-4E7F-AA60-075BB22C39BA,https://www.boliga.dk//bbrinfo/3c2a8790-7997-4e7f-aa60-075bb22c39ba,"(55.70773906, 12.59402888)","Århusgade 131A, 1. mf, 2150 Nordhavn",0101,Egentlig beboelseslejlighed,Eget køkken med afløb,"Bolig i etageejendom, flerfamiliehus eller to-familiehus",Badeværelse i enheden,69, 1,69,Vandskyllende toilet i enheden,2, 1,230 V el fra værk
745," Århusgade 131A, 1. tv 2150 Nordhavn ",2795000.0,2015-05-02, Handelstype Alm. frit salg,https://www.boliga.dk//salg/info/101/19596/3C2A8790-7997-4E7F-AA60-075BB22C39BA,https://www.boliga.dk//bbrinfo/3c2a8790-7997-4e7f-aa60-075bb22c39ba,"(55.70773906, 12.59402888)","Århusgade 131A, 1. mf, 2150 Nordhavn",0101,Egentlig beboelseslejlighed,Eget køkken med afløb,"Bolig i etageejendom, flerfamiliehus eller to-familiehus",Badeværelse i enheden,69, 1,69,Vandskyllende toilet i enheden,2, 1,230 V el fra værk
746," Sundkaj 31, 1. mf 2150 Nordhavn ",3095000.0,2018-08-01, Handelstype Alm. frit salg,https://www.boliga.dk//salg/info/101/40037/044D3AC6-0E98-48A0-8D3B-2A19E0A46D8B,https://www.boliga.dk//bbrinfo/044d3ac6-0e98-48a0-8d3b-2a19e0a46d8b,"(55.71046692, 12.59624242)","Sundkaj 31, 1. mf, 2150 Nordhavn",0101,Egentlig beboelseslejlighed,Eget køkken med afløb,"Bolig i etageejendom, flerfamiliehus eller to-familiehus",Badeværelse i enheden,70, 1,70,Vandskyllende toilet i enheden,2, 1,-
747," Sundkaj 29, 4. th 2150 Nordhavn ",6595000.0,2018-08-01, Handelstype Alm. frit salg,https://www.boliga.dk//salg/info/101/40031/FB4D33F4-BB14-45D4-A001-8E3B9157CF50,https://www.boliga.dk//bbrinfo/fb4d33f4-bb14-45d4-a001-8e3b9157cf50,"(55.71055008, 12.59594205)","Sundkaj 29, 1. mf, 2150 Nordhavn",0101,Egentlig beboelseslejlighed,Eget køkken med afløb,"Bolig i etageejendom, flerfamiliehus eller to-familiehus",Badeværelse i enheden,117, 1,117,Vandskyllende toilet i enheden,3, 1,-
748," Sundkaj 29, st. th 2150 Nordhavn ",3895000.0,2018-08-01, Handelstype Alm. frit salg,https://www.boliga.dk//salg/info/101/40018/5182FAB6-AA67-4D57-8C03-875D2DD385F8,https://www.boliga.dk//bbrinfo/5182fab6-aa67-4d57-8c03-875d2dd385f8,"(55.71055008, 12.59594205)","Sundkaj 29, 1. mf, 2150 Nordhavn",0101,Egentlig beboelseslejlighed,Eget køkken med afløb,"Bolig i etageejendom, flerfamiliehus eller to-familiehus",Badeværelse i enheden,88, 1,88,Vandskyllende toilet i enheden,3, 1,-
749," Antwerpengade 13, 1. 4 2150 Nordhavn ",3600000.0,2018-09-07, Handelstype Alm. frit salg,https://www.boliga.dk//salg/info/101/16526/1DE82FCB-5734-4E08-B009-C01B6A04C688,https://www.boliga.dk//bbrinfo/1de82fcb-5734-4e08-b009-c01b6a04c688,"(55.70731023, 12.5960295)","Antwerpengade 13, 1. 1, 2150 Nordhavn",0101,Egentlig beboelseslejlighed,Eget køkken med afløb,"Bolig i etageejendom, flerfamiliehus eller to-familiehus",Badeværelse i enheden,72, 1,72,Vandskyllende toilet i enheden,2, 1,-
750," Antwerpengade 13, 1. 4 2150 Nordhavn ",2675000.0,2015-09-01, Handelstype Alm. frit salg,https://www.boliga.dk//salg/info/101/16526/1DE82FCB-5734-4E08-B009-C01B6A04C688,https://www.boliga.dk//bbrinfo/1de82fcb-5734-4e08-b009-c01b6a04c688,"(55.70731023, 12.5960295)","Antwerpengade 13, 1. 1, 2150 Nordhavn",0101,Egentlig beboelseslejlighed,Eget køkken med afløb,"Bolig i etageejendom, flerfamiliehus eller to-familiehus",Badeværelse i enheden,72, 1,72,Vandskyllende toilet i enheden,2, 1,-
751," Sundkaj 29, 3. mf 2150 Nordhavn ",3795000.0,2018-09-07, Handelstype Alm. frit salg,https://www.boliga.dk//salg/info/101/40027/E84AA604-4E00-4D1B-B9EF-A054CE3F3CD3,https://www.boliga.dk//bbrinfo/e84aa604-4e00-4d1b-b9ef-a054ce3f3cd3,"(55.71055008, 12.59594205)","Sundkaj 29, 1. mf, 2150 Nordhavn",0101,Egentlig beboelseslejlighed,Eget køkken med afløb,"Bolig i etageejendom, flerfamiliehus eller to-familiehus",Badeværelse i enheden,82, 1,82,Vandskyllende toilet i enheden,3, 1,-
752," Sundkaj 67, 2. th 2150 Nordhavn ",6500000.0,2018-09-06, Handelstype Alm. frit salg,https://www.boliga.dk//salg/info/101/27132/1853DF3D-9342-49DC-934B-1E4CA6080399,https://www.boliga.dk//bbrinfo/1853df3d-9342-49dc-934b-1e4ca6080399,"(55.70992515, 12.5969924)","Sundkaj 67, 5., 2150 Nordhavn",0101,Egentlig beboelseslejlighed,Eget køkken med afløb,"Bolig i etageejendom, flerfamiliehus eller to-familiehus",Badeværelse i enheden,128, 2,128,Vandskyllende toilet i enheden,4, 2,400 V el fra værk
753," Sundkaj 29, 1. th 2150 Nordhavn ",3995000.0,2018-09-06, Handelstype Alm. frit salg,https://www.boliga.dk//salg/info/101/40022/C64D463F-D584-4F79-B5E9-96152F594BF9,https://www.boliga.dk//bbrinfo/c64d463f-d584-4f79-b5e9-96152f594bf9,"(55.71055008, 12.59594205)","Sundkaj 29, 1. mf, 2150 Nordhavn",0101,Egentlig beboelseslejlighed,Eget køkken med afløb,"Bolig i etageejendom, flerfamiliehus eller to-familiehus",Badeværelse i enheden,88, 1,88,Vandskyllende toilet i enheden,3, 1,-
754," Sandkaj 15, st. tv 2150 Nordhavn ",7500000.0,2018-09-04, Handelstype Alm. frit salg,https://www.boliga.dk//salg/info/101/21463/54FA941E-8AA8-4088-A02A-D2CC828947B5,https://www.boliga.dk//bbrinfo/54fa941e-8aa8-4088-a02a-d2cc828947b5,"(55.70634293, 12.59398163)","Sandkaj 15, 5., 2150 Nordhavn",0101,Egentlig beboelseslejlighed,Eget køkken med afløb,"Bolig i etageejendom, flerfamiliehus eller to-familiehus",Badeværelse i enheden,110, 2,110,Vandskyllende toilet i enheden,3, 2,-
755," Sandkaj 15, st. tv 2150 Nordhavn ",5495000.0,2015-09-02, Handelstype Alm. frit salg,https://www.boliga.dk//salg/info/101/21463/54FA941E-8AA8-4088-A02A-D2CC828947B5,https://www.boliga.dk//bbrinfo/54fa941e-8aa8-4088-a02a-d2cc828947b5,"(55.70634293, 12.59398163)","Sandkaj 15, 5., 2150 Nordhavn",0101,Egentlig beboelseslejlighed,Eget køkken med afløb,"Bolig i etageejendom, flerfamiliehus eller to-familiehus",Badeværelse i enheden,110, 2,110,Vandskyllende toilet i enheden,3, 2,-
756," Dover Passage 4, 2. mf 2150 Nordhavn ",5850000.0,2018-08-02, Handelstype Alm. frit salg,https://www.boliga.dk//salg/info/101/18727/DC2A2AD7-224F-44EE-9B1D-E8EC49219BFF,https://www.boliga.dk//bbrinfo/dc2a2ad7-224f-44ee-9b1d-e8ec49219bff,"(55.70863885, 12.59617413)","Dover Passage 4, 1. mf, 2150 Nordhavn",0101,Egentlig beboelseslejlighed,Eget køkken med afløb,"Bolig i etageejendom, flerfamiliehus eller to-familiehus",Badeværelse i enheden,101, 1,101,Vandskyllende toilet i enheden,4, 1,-
757," Dover Passage 4, 2. mf 2150 Nordhavn ",4650000.0,2014-01-01, Handelstype Alm. frit salg,https://www.boliga.dk//salg/info/101/18727/DC2A2AD7-224F-44EE-9B1D-E8EC49219BFF,https://www.boliga.dk//bbrinfo/dc2a2ad7-224f-44ee-9b1d-e8ec49219bff,"(55.70863885, 12.59617413)","Dover Passage 4, 1. mf, 2150 Nordhavn",0101,Egentlig beboelseslejlighed,Eget køkken med afløb,"Bolig i etageejendom, flerfamiliehus eller to-familiehus",Badeværelse i enheden,101, 1,101,Vandskyllende toilet i enheden,4, 1,-
758, Sundkaj 47 2150 Nordhavn ,7800000.0,2018-07-02, Handelstype Alm. frit salg,https://www.boliga.dk//salg/info/101/25464/A532C38B-26AA-4938-9D2A-3F56B4204E41,https://www.boliga.dk//bbrinfo/a532c38b-26aa-4938-9d2a-3f56b4204e41,"(55.71027961, 12.59689138)","Sundkaj 47, 2150 Nordhavn",0101,Egentlig beboelseslejlighed,Eget køkken med afløb,"Række-, kæde- og klyngehus",Badeværelse i enheden,154, 2,154,Vandskyllende toilet i enheden,5, 2,400 V el fra værk
759," Sundkaj 33, 1. th 2150 Nordhavn ",3995000.0,2018-07-02, Handelstype Alm. frit salg,https://www.boliga.dk//salg/info/101/39959/F70E0B62-4319-415C-9260-52FB00A7032C,https://www.boliga.dk//bbrinfo/f70e0b62-4319-415c-9260-52fb00a7032c,"(55.71038191, 12.59642643)","Sundkaj 33, 1. mf, 2150 Nordhavn",0101,Egentlig beboelseslejlighed,Eget køkken med afløb,"Bolig i etageejendom, flerfamiliehus eller to-familiehus",Badeværelse i enheden,91, 1,91,Vandskyllende toilet i enheden,3, 1,-
760," Helsinkigade 18, 11. 3 2150 Nordhavn ",8475000.0,2018-09-01, Handelstype Alm. frit salg,https://www.boliga.dk//salg/info/101/21606/EC427E70-1976-4230-8A48-FF114DFA6329,https://www.boliga.dk//bbrinfo/ec427e70-1976-4230-8a48-ff114dfa6329,"(55.70798351, 12.59704886)","Helsinkigade 18, 2. 2, 2150 Nordhavn",0101,Egentlig beboelseslejlighed,Eget køkken med afløb,"Bolig i etageejendom, flerfamiliehus eller to-familiehus",Badeværelse i enheden,103, 1,103,Vandskyllende toilet i enheden,3, 1,-
761," Helsinkigade 18, 11. 3 2150 Nordhavn ",6406854.0,2015-06-30, Handelstype Alm. frit salg,https://www.boliga.dk//salg/info/101/21606/EC427E70-1976-4230-8A48-FF114DFA6329,https://www.boliga.dk//bbrinfo/ec427e70-1976-4230-8a48-ff114dfa6329,"(55.70798351, 12.59704886)","Helsinkigade 18, 2. 2, 2150 Nordhavn",0101,Egentlig beboelseslejlighed,Eget køkken med afløb,"Bolig i etageejendom, flerfamiliehus eller to-familiehus",Badeværelse i enheden,103, 1,103,Vandskyllende toilet i enheden,3, 1,-
762," Sundkaj 33, 3. mf 2150 Nordhavn ",3995000.0,2018-03-01, Handelstype Alm. frit salg,https://www.boliga.dk//salg/info/101/39965/EB0042C0-3D1C-41F4-80DB-DA99D1619087,https://www.boliga.dk//bbrinfo/eb0042c0-3d1c-41f4-80db-da99d1619087,"(55.71038191, 12.59642643)","Sundkaj 33, 1. mf, 2150 Nordhavn",0101,Egentlig beboelseslejlighed,Eget køkken med afløb,"Bolig i etageejendom, flerfamiliehus eller to-familiehus",Badeværelse i enheden,83, 1,83,Vandskyllende toilet i enheden,3, 1,-
763," Sundkaj 39, 5. th 2150 Nordhavn ",9995000.0,2018-08-09, Handelstype Alm. frit salg,https://www.boliga.dk//salg/info/101/40014/5ED68A53-5E24-4A11-B5FB-9FED6BFC79CC,https://www.boliga.dk//bbrinfo/5ed68a53-5e24-4a11-b5fb-9fed6bfc79cc,"(55.71035998, 12.59583756)","Sundkaj 39, 1. th, 2150 Nordhavn",0101,Egentlig beboelseslejlighed,Eget køkken med afløb,"Bolig i etageejendom, flerfamiliehus eller to-familiehus",Badeværelse i enheden,151, 1,151,Vandskyllende toilet i enheden,5, 1,-
764," Sandkaj 37, 4. th 2150 Nordhavn ",2635000.0,2018-08-09, Handelstype Familieoverdragelse,https://www.boliga.dk//salg/info/101/17604/1ED13CA2-B0C2-4EF0-9E43-09329FF17E91,https://www.boliga.dk//bbrinfo/1ed13ca2-b0c2-4ef0-9e43-09329ff17e91,"(55.70678507, 12.59818652)","Sandkaj 37, 2150 Nordhavn",0101,Egentlig beboelseslejlighed,Eget køkken med afløb,"Bolig i etageejendom, flerfamiliehus eller to-familiehus",Badeværelse i enheden,111, 1,111,Vandskyllende toilet i enheden,3, 1,400 V el fra værk
765," Sandkaj 37, 4. th 2150 Nordhavn ",6750000.0,2015-08-02, Handelstype Alm. frit salg,https://www.boliga.dk//salg/info/101/17604/1ED13CA2-B0C2-4EF0-9E43-09329FF17E91,https://www.boliga.dk//bbrinfo/1ed13ca2-b0c2-4ef0-9e43-09329ff17e91,"(55.70678507, 12.59818652)","Sandkaj 37, 2150 Nordhavn",0101,Egentlig beboelseslejlighed,Eget køkken med afløb,"Bolig i etageejendom, flerfamiliehus eller to-familiehus",Badeværelse i enheden,111, 1,111,Vandskyllende toilet i enheden,3, 1,400 V el fra værk
766," Århusgade 140, 2. tv 2150 Nordhavn ",4450000.0,2018-08-08, Handelstype Alm. frit salg,https://www.boliga.dk//salg/info/101/16532/7C608314-55AC-4000-98AB-7DB0D5BFBB41,https://www.boliga.dk//bbrinfo/7c608314-55ac-4000-98ab-7db0d5bfbb41,"(55.70763799, 12.59589417)","Århusgade 140, 1. th, 2150 Nordhavn",0101,Egentlig beboelseslejlighed,Eget køkken med afløb,"Bolig i etageejendom, flerfamiliehus eller to-familiehus",Badeværelse i enheden,96, 1,96,Vandskyllende toilet i enheden,3, 1,-
767," Århusgade 140, 2. tv 2150 Nordhavn ",3265412.0,2015-06-02, Handelstype Alm. frit salg,https://www.boliga.dk//salg/info/101/16532/7C608314-55AC-4000-98AB-7DB0D5BFBB41,https://www.boliga.dk//bbrinfo/7c608314-55ac-4000-98ab-7db0d5bfbb41,"(55.70763799, 12.59589417)","Århusgade 140, 1. th, 2150 Nordhavn",0101,Egentlig beboelseslejlighed,Eget køkken med afløb,"Bolig i etageejendom, flerfamiliehus eller to-familiehus",Badeværelse i enheden,96, 1,96,Vandskyllende toilet i enheden,3, 1,-
768," Sundkaj 29, 4. tv 2150 Nordhavn ",6195000.0,2018-08-06, Handelstype Alm. frit salg,https://www.boliga.dk//salg/info/101/40029/A4D61C26-0D82-4F03-88F0-1C4C535BB859,https://www.boliga.dk//bbrinfo/a4d61c26-0d82-4f03-88f0-1c4c535bb859,"(55.71055008, 12.59594205)","Sundkaj 29, 1. mf, 2150 Nordhavn",0101,Egentlig beboelseslejlighed,Eget køkken med afløb,"Bolig i etageejendom, flerfamiliehus eller to-familiehus",Badeværelse i enheden,106, 1,106,Vandskyllende toilet i enheden,3, 1,-
769," Sundkaj 37, 2. th 2150 Nordhavn ",5395000.0,2018-07-30, Handelstype Alm. frit salg,https://www.boliga.dk//salg/info/101/39993/DD83CBF1-57B6-4BBC-9B17-A0346902B821,https://www.boliga.dk//bbrinfo/dd83cbf1-57b6-4bbc-9b17-a0346902b821,"(55.71030166, 12.59612398)","Sundkaj 37, 1. th, 2150 Nordhavn",0101,Egentlig beboelseslejlighed,Eget køkken med afløb,"Bolig i etageejendom, flerfamiliehus eller to-familiehus",Badeværelse i enheden,98, 1,98,Vandskyllende toilet i enheden,4, 1,-
770," Sundkaj 35, st. tv 2150 Nordhavn ",2995000.0,2018-07-30, Handelstype Alm. frit salg,https://www.boliga.dk//salg/info/101/39972/C15AAB5A-405F-4C1B-89EA-A59644B10518,https://www.boliga.dk//bbrinfo/c15aab5a-405f-4c1b-89ea-a59644b10518,"(55.71027646, 12.59630391)","Sundkaj 35, 1. mf, 2150 Nordhavn",0101,Egentlig beboelseslejlighed,Eget køkken med afløb,"Bolig i etageejendom, flerfamiliehus eller to-familiehus",Badeværelse i enheden,62, 1,62,Vandskyllende toilet i enheden,2, 1,-
771," Sundkaj 33, 3. tv 2150 Nordhavn ",3295000.0,2018-07-30, Handelstype Alm. frit salg,https://www.boliga.dk//salg/info/101/39964/B35E4CA2-0968-4A11-A09B-3A4B33E21C45,https://www.boliga.dk//bbrinfo/b35e4ca2-0968-4a11-a09b-3a4b33e21c45,"(55.71038191, 12.59642643)","Sundkaj 33, 1. mf, 2150 Nordhavn",0101,Egentlig beboelseslejlighed,Eget køkken med afløb,"Bolig i etageejendom, flerfamiliehus eller to-familiehus",Badeværelse i enheden,71, 1,71,Vandskyllende toilet i enheden,2, 1,-
772," Sundkaj 31, 1. th 2150 Nordhavn ",3095000.0,2018-07-30, Handelstype Alm. frit salg,https://www.boliga.dk//salg/info/101/40035/43AB4684-D72F-49C0-9F90-15F91D9DE728,https://www.boliga.dk//bbrinfo/43ab4684-d72f-49c0-9f90-15f91d9de728,"(55.71046692, 12.59624242)","Sundkaj 31, 1. mf, 2150 Nordhavn",0101,Egentlig beboelseslejlighed,Eget køkken med afløb,"Bolig i etageejendom, flerfamiliehus eller to-familiehus",Badeværelse i enheden,70, 1,70,Vandskyllende toilet i enheden,2, 1,-
773," Sundkaj 37, 4. tv 2150 Nordhavn ",5595000.0,2018-07-30, Handelstype Alm. frit salg,https://www.boliga.dk//salg/info/101/39999/DA4301F9-954E-4B71-A12F-BAF5806F92C6,https://www.boliga.dk//bbrinfo/da4301f9-954e-4b71-a12f-baf5806f92c6,"(55.71030166, 12.59612398)","Sundkaj 37, 1. th, 2150 Nordhavn",0101,Egentlig beboelseslejlighed,Eget køkken med afløb,"Bolig i etageejendom, flerfamiliehus eller to-familiehus",Badeværelse i enheden,98, 1,98,Vandskyllende toilet i enheden,4, 1,-
774," Sundkaj 33, 3. th 2150 Nordhavn ",4195000.0,2018-07-30, Handelstype Alm. frit salg,https://www.boliga.dk//salg/info/101/39966/08C4217D-59D8-470A-B449-C66C69D5B1C5,https://www.boliga.dk//bbrinfo/08c4217d-59d8-470a-b449-c66c69d5b1c5,"(55.71038191, 12.59642643)","Sundkaj 33, 1. mf, 2150 Nordhavn",0101,Egentlig beboelseslejlighed,Eget køkken med afløb,"Bolig i etageejendom, flerfamiliehus eller to-familiehus",Badeværelse i enheden,91, 1,91,Vandskyllende toilet i enheden,3, 1,-
775," Sundkaj 11, 1. tv 2150 Nordhavn ",3465500.0,2018-07-01, Handelstype Alm. frit salg,https://www.boliga.dk//salg/info/101/33614/7C488FC3-0D96-44AC-88EF-9124F1FCA14A,https://www.boliga.dk//bbrinfo/7c488fc3-0d96-44ac-88ef-9124f1fca14a,"(55.71066469, 12.59508637)","Sundkaj 11, 1. mf, 2150 Nordhavn",0101,Egentlig beboelseslejlighed,Eget køkken med afløb,"Bolig i etageejendom, flerfamiliehus eller to-familiehus",Badeværelse i enheden,62, 1,62,Vandskyllende toilet i enheden,2, 1,-
776," Sundkaj 11, st. mf 2150 Nordhavn ",0.0,2022-05-01, Handelstype Familieoverdragelse,https://www.boliga.dk//salg/info/101/33612/B5CFD904-74FF-45FB-8A8F-7968F4951F90,https://www.boliga.dk//bbrinfo/b5cfd904-74ff-45fb-8a8f-7968f4951f90,"(55.71066469, 12.59508637)","Sundkaj 11, 1. mf, 2150 Nordhavn",0101,Egentlig beboelseslejlighed,Eget køkken med afløb,"Bolig i etageejendom, flerfamiliehus eller to-familiehus",Badeværelse i enheden,51, 1,51,Vandskyllende toilet i enheden,2, 1,-
777," Sundkaj 11, st. mf 2150 Nordhavn ",0.0,2021-05-06, Handelstype Familieoverdragelse,https://www.boliga.dk//salg/info/101/33612/B5CFD904-74FF-45FB-8A8F-7968F4951F90,https://www.boliga.dk//bbrinfo/b5cfd904-74ff-45fb-8a8f-7968f4951f90,"(55.71066469, 12.59508637)","Sundkaj 11, 1. mf, 2150 Nordhavn",0101,Egentlig beboelseslejlighed,Eget køkken med afløb,"Bolig i etageejendom, flerfamiliehus eller to-familiehus",Badeværelse i enheden,51, 1,51,Vandskyllende toilet i enheden,2, 1,-
778," Sundkaj 11, st. mf 2150 Nordhavn ",2889340.0,2018-01-01, Handelstype Alm. frit salg,https://www.boliga.dk//salg/info/101/33612/B5CFD904-74FF-45FB-8A8F-7968F4951F90,https://www.boliga.dk//bbrinfo/b5cfd904-74ff-45fb-8a8f-7968f4951f90,"(55.71066469, 12.59508637)","Sundkaj 11, 1. mf, 2150 Nordhavn",0101,Egentlig beboelseslejlighed,Eget køkken med afløb,"Bolig i etageejendom, flerfamiliehus eller to-familiehus",Badeværelse i enheden,51, 1,51,Vandskyllende toilet i enheden,2, 1,-
779," Trelleborggade 20, 2. th 2150 Nordhavn ",6185000.0,2018-01-01, Handelstype Alm. frit salg,https://www.boliga.dk//salg/info/101/21441/3D83E49D-516F-437D-9209-2D2BBE8C69E4,https://www.boliga.dk//bbrinfo/3d83e49d-516f-437d-9209-2d2bbe8c69e4,"(55.70667705, 12.59415088)","Trelleborggade 20, 5., 2150 Nordhavn",0101,Egentlig beboelseslejlighed,Eget køkken med afløb,"Bolig i etageejendom, flerfamiliehus eller to-familiehus",Badeværelse i enheden,116, 2,116,Vandskyllende toilet i enheden,4, 2,-
780," Trelleborggade 20, 2. th 2150 Nordhavn ",4895000.0,2015-04-10, Handelstype Alm. frit salg,https://www.boliga.dk//salg/info/101/21441/3D83E49D-516F-437D-9209-2D2BBE8C69E4,https://www.boliga.dk//bbrinfo/3d83e49d-516f-437d-9209-2d2bbe8c69e4,"(55.70667705, 12.59415088)","Trelleborggade 20, 5., 2150 Nordhavn",0101,Egentlig beboelseslejlighed,Eget køkken med afløb,"Bolig i etageejendom, flerfamiliehus eller to-familiehus",Badeværelse i enheden,116, 2,116,Vandskyllende toilet i enheden,4, 2,-
781," Helsinkigade 18, 7. 3 2150 Nordhavn ",8800000.0,2018-07-07, Handelstype Alm. frit salg,https://www.boliga.dk//salg/info/101/21589/98BB8198-6531-4B45-A09B-462319DE1B3F,https://www.boliga.dk//bbrinfo/98bb8198-6531-4b45-a09b-462319de1b3f,"(55.70798351, 12.59704886)","Helsinkigade 18, 2. 2, 2150 Nordhavn",0101,Egentlig beboelseslejlighed,Eget køkken med afløb,"Bolig i etageejendom, flerfamiliehus eller to-familiehus",Badeværelse i enheden,123, 1,123,Vandskyllende toilet i enheden,3, 1,-
782," Helsinkigade 18, 7. 3 2150 Nordhavn ",6351098.0,2014-06-02, Handelstype Alm. frit salg,https://www.boliga.dk//salg/info/101/21589/98BB8198-6531-4B45-A09B-462319DE1B3F,https://www.boliga.dk//bbrinfo/98bb8198-6531-4b45-a09b-462319de1b3f,"(55.70798351, 12.59704886)","Helsinkigade 18, 2. 2, 2150 Nordhavn",0101,Egentlig beboelseslejlighed,Eget køkken med afløb,"Bolig i etageejendom, flerfamiliehus eller to-familiehus",Badeværelse i enheden,123, 1,123,Vandskyllende toilet i enheden,3, 1,-
783," Århusgade 131A, 4. tv 2150 Nordhavn ",3975000.0,2018-07-07, Handelstype Alm. frit salg,https://www.boliga.dk//salg/info/101/19605/18A66F4B-2D94-440D-A792-916D57719846,https://www.boliga.dk//bbrinfo/18a66f4b-2d94-440d-a792-916d57719846,"(55.70773906, 12.59402888)","Århusgade 131A, 1. mf, 2150 Nordhavn",0101,Egentlig beboelseslejlighed,Eget køkken med afløb,"Bolig i etageejendom, flerfamiliehus eller to-familiehus",Badeværelse i enheden,69, 1,69,Vandskyllende toilet i enheden,2, 1,230 V el fra værk
784," Århusgade 131A, 4. tv 2150 Nordhavn ",3095000.0,2015-03-01, Handelstype Alm. frit salg,https://www.boliga.dk//salg/info/101/19605/18A66F4B-2D94-440D-A792-916D57719846,https://www.boliga.dk//bbrinfo/18a66f4b-2d94-440d-a792-916d57719846,"(55.70773906, 12.59402888)","Århusgade 131A, 1. mf, 2150 Nordhavn",0101,Egentlig beboelseslejlighed,Eget køkken med afløb,"Bolig i etageejendom, flerfamiliehus eller to-familiehus",Badeværelse i enheden,69, 1,69,Vandskyllende toilet i enheden,2, 1,230 V el fra værk
785," Dunkerquegade 1, st. th 2150 Nordhavn ",4895000.0,2018-07-02, Handelstype Alm. frit salg,https://www.boliga.dk//salg/info/101/18677/C9A6863B-87E8-42F8-B197-B5338AE3F55A,https://www.boliga.dk//bbrinfo/c9a6863b-87e8-42f8-b197-b5338ae3f55a,"(55.70844508, 12.59686421)","Dunkerquegade 1, 1. mf, 2150 Nordhavn",0101,Egentlig beboelseslejlighed,Eget køkken med afløb,"Bolig i etageejendom, flerfamiliehus eller to-familiehus",Badeværelse i enheden,117, 1,117,Vandskyllende toilet i enheden,4, 1,-
786," Dunkerquegade 1, st. th 2150 Nordhavn ",3595000.0,2014-05-04, Handelstype Alm. frit salg,https://www.boliga.dk//salg/info/101/18677/C9A6863B-87E8-42F8-B197-B5338AE3F55A,https://www.boliga.dk//bbrinfo/c9a6863b-87e8-42f8-b197-b5338ae3f55a,"(55.70844508, 12.59686421)","Dunkerquegade 1, 1. mf, 2150 Nordhavn",0101,Egentlig beboelseslejlighed,Eget køkken med afløb,"Bolig i etageejendom, flerfamiliehus eller to-familiehus",Badeværelse i enheden,117, 1,117,Vandskyllende toilet i enheden,4, 1,-
787," Sundkaj 37, 2. tv 2150 Nordhavn ",5395000.0,2018-07-02, Handelstype Alm. frit salg,https://www.boliga.dk//salg/info/101/39995/02DB2769-D29B-44BE-A64A-29B89B420A72,https://www.boliga.dk//bbrinfo/02db2769-d29b-44be-a64a-29b89b420a72,"(55.71030166, 12.59612398)","Sundkaj 37, 1. th, 2150 Nordhavn",0101,Egentlig beboelseslejlighed,Eget køkken med afløb,"Bolig i etageejendom, flerfamiliehus eller to-familiehus",Badeværelse i enheden,98, 1,98,Vandskyllende toilet i enheden,4, 1,-
788," Sundkaj 29, 3. th 2150 Nordhavn ",4195000.0,2018-07-02, Handelstype Alm. frit salg,https://www.boliga.dk//salg/info/101/40028/8A282F6D-44E8-4672-8EAB-B98DF85F83FA,https://www.boliga.dk//bbrinfo/8a282f6d-44e8-4672-8eab-b98df85f83fa,"(55.71055008, 12.59594205)","Sundkaj 29, 1. mf, 2150 Nordhavn",0101,Egentlig beboelseslejlighed,Eget køkken med afløb,"Bolig i etageejendom, flerfamiliehus eller to-familiehus",Badeværelse i enheden,88, 1,88,Vandskyllende toilet i enheden,3, 1,-
789," Trelleborggade 2, 3. tv 2150 Nordhavn ",5300000.0,2018-09-02, Handelstype Alm. frit salg,https://www.boliga.dk//salg/info/101/18818/4F5E4015-840F-4ECB-999C-AA3FFCC6DC6C,https://www.boliga.dk//bbrinfo/4f5e4015-840f-4ecb-999c-aa3ffcc6dc6c,"(55.70624485, 12.59183821)","Trelleborggade 2, 2. mf, 2150 Nordhavn",0101,Egentlig beboelseslejlighed,Eget køkken med afløb,"Bolig i etageejendom, flerfamiliehus eller to-familiehus",Badeværelse i enheden,105, 1,105,Vandskyllende toilet i enheden,3, 1,-
790," Trelleborggade 2, 3. tv 2150 Nordhavn ",4795000.0,2016-09-30, Handelstype Alm. frit salg,https://www.boliga.dk//salg/info/101/18818/4F5E4015-840F-4ECB-999C-AA3FFCC6DC6C,https://www.boliga.dk//bbrinfo/4f5e4015-840f-4ecb-999c-aa3ffcc6dc6c,"(55.70624485, 12.59183821)","Trelleborggade 2, 2. mf, 2150 Nordhavn",0101,Egentlig beboelseslejlighed,Eget køkken med afløb,"Bolig i etageejendom, flerfamiliehus eller to-familiehus",Badeværelse i enheden,105, 1,105,Vandskyllende toilet i enheden,3, 1,-
791," Dunkerquegade 1, 4. mf 2150 Nordhavn ",3100000.0,2018-08-02, Handelstype Alm. frit salg,https://www.boliga.dk//salg/info/101/18690/909833D4-6354-4B29-B05E-E69F26EA0597,https://www.boliga.dk//bbrinfo/909833d4-6354-4b29-b05e-e69f26ea0597,"(55.70844508, 12.59686421)","Dunkerquegade 1, 1. mf, 2150 Nordhavn",0101,Egentlig beboelseslejlighed,Eget køkken med afløb,"Bolig i etageejendom, flerfamiliehus eller to-familiehus",Badeværelse i enheden,57, 1,57,Vandskyllende toilet i enheden,2, 1,-
792," Dunkerquegade 1, 4. mf 2150 Nordhavn ",2095000.0,2014-06-01, Handelstype Alm. frit salg,https://www.boliga.dk//salg/info/101/18690/909833D4-6354-4B29-B05E-E69F26EA0597,https://www.boliga.dk//bbrinfo/909833d4-6354-4b29-b05e-e69f26ea0597,"(55.70844508, 12.59686421)","Dunkerquegade 1, 1. mf, 2150 Nordhavn",0101,Egentlig beboelseslejlighed,Eget køkken med afløb,"Bolig i etageejendom, flerfamiliehus eller to-familiehus",Badeværelse i enheden,57, 1,57,Vandskyllende toilet i enheden,2, 1,-
793," Sundkaj 33, 1. mf 2150 Nordhavn ",3795000.0,2018-05-02, Handelstype Alm. frit salg,https://www.boliga.dk//salg/info/101/39958/4AB4F64D-8FF7-46B9-906A-BC56E0FB3832,https://www.boliga.dk//bbrinfo/4ab4f64d-8ff7-46b9-906a-bc56e0fb3832,"(55.71038191, 12.59642643)","Sundkaj 33, 1. mf, 2150 Nordhavn",0101,Egentlig beboelseslejlighed,Eget køkken med afløb,"Bolig i etageejendom, flerfamiliehus eller to-familiehus",Badeværelse i enheden,83, 1,83,Vandskyllende toilet i enheden,3, 1,-
794," Sundkaj 29, 4. mf 2150 Nordhavn ",3895000.0,2018-02-02, Handelstype Alm. frit salg,https://www.boliga.dk//salg/info/101/40030/6D26BE0D-CF7F-4322-B8F3-0DC950A997AF,https://www.boliga.dk//bbrinfo/6d26be0d-cf7f-4322-b8f3-0dc950a997af,"(55.71055008, 12.59594205)","Sundkaj 29, 1. mf, 2150 Nordhavn",0101,Egentlig beboelseslejlighed,Eget køkken med afløb,"Bolig i etageejendom, flerfamiliehus eller to-familiehus",Badeværelse i enheden,82, 1,82,Vandskyllende toilet i enheden,3, 1,-
795," Sundkaj 31, 2. th 2150 Nordhavn ",3195000.0,2018-02-02, Handelstype Alm. frit salg,https://www.boliga.dk//salg/info/101/40039/4317BEA1-5081-4E31-A83D-F6335C6C0E90,https://www.boliga.dk//bbrinfo/4317bea1-5081-4e31-a83d-f6335c6c0e90,"(55.71046692, 12.59624242)","Sundkaj 31, 1. mf, 2150 Nordhavn",0101,Egentlig beboelseslejlighed,Eget køkken med afløb,"Bolig i etageejendom, flerfamiliehus eller to-familiehus",Badeværelse i enheden,70, 1,70,Vandskyllende toilet i enheden,2, 1,-
796," Trelleborggade 15, 3. 2 2150 Nordhavn ",6600000.0,2018-01-02, Handelstype Alm. frit salg,https://www.boliga.dk//salg/info/101/39341/2728F0DF-71B0-4A64-85F9-CBB04B837DD4,https://www.boliga.dk//bbrinfo/2728f0df-71b0-4a64-85f9-cbb04b837dd4,"(55.70686603, 12.59442831)","Trelleborggade 15, 2150 Nordhavn",0101,Egentlig beboelseslejlighed,Eget køkken med afløb,"Bolig i etageejendom, flerfamiliehus eller to-familiehus",Badeværelse i enheden,128, 1,128,Vandskyllende toilet i enheden,4, 1,-
797," Sandkaj 15, 4. th 2150 Nordhavn ",9600000.0,2018-08-01, Handelstype Alm. frit salg,https://www.boliga.dk//salg/info/101/21473/C1BFC308-C171-40B6-B2F1-417F144E5D05,https://www.boliga.dk//bbrinfo/c1bfc308-c171-40b6-b2f1-417f144e5d05,"(55.70634293, 12.59398163)","Sandkaj 15, 5., 2150 Nordhavn",0101,Egentlig beboelseslejlighed,Eget køkken med afløb,"Bolig i etageejendom, flerfamiliehus eller to-familiehus",Badeværelse i enheden,127, 2,127,Vandskyllende toilet i enheden,4, 2,-
798," Sandkaj 15, 4. th 2150 Nordhavn ",7395000.0,2015-10-09, Handelstype Alm. frit salg,https://www.boliga.dk//salg/info/101/21473/C1BFC308-C171-40B6-B2F1-417F144E5D05,https://www.boliga.dk//bbrinfo/c1bfc308-c171-40b6-b2f1-417f144e5d05,"(55.70634293, 12.59398163)","Sandkaj 15, 5., 2150 Nordhavn",0101,Egentlig beboelseslejlighed,Eget køkken med afløb,"Bolig i etageejendom, flerfamiliehus eller to-familiehus",Badeværelse i enheden,127, 2,127,Vandskyllende toilet i enheden,4, 2,-
799," Antwerpengade 13, 2. 3 2150 Nordhavn ",6600000.0,2018-07-01, Handelstype Alm. frit salg,https://www.boliga.dk//salg/info/101/16537/6763497F-2735-466D-9F7A-2D6AC29A9AAC,https://www.boliga.dk//bbrinfo/6763497f-2735-466d-9f7a-2d6ac29a9aac,"(55.70731023, 12.5960295)","Antwerpengade 13, 1. 1, 2150 Nordhavn",0101,Egentlig beboelseslejlighed,Eget køkken med afløb,"Bolig i etageejendom, flerfamiliehus eller to-familiehus",Badeværelse i enheden,134, 2,134,Vandskyllende toilet i enheden,5, 2,-
800," Antwerpengade 13, 2. 3 2150 Nordhavn ",5623513.0,2013-01-01, Handelstype Alm. frit salg,https://www.boliga.dk//salg/info/101/16537/6763497F-2735-466D-9F7A-2D6AC29A9AAC,https://www.boliga.dk//bbrinfo/6763497f-2735-466d-9f7a-2d6ac29a9aac,"(55.70731023, 12.5960295)","Antwerpengade 13, 1. 1, 2150 Nordhavn",0101,Egentlig beboelseslejlighed,Eget køkken med afløb,"Bolig i etageejendom, flerfamiliehus eller to-familiehus",Badeværelse i enheden,134, 2,134,Vandskyllende toilet i enheden,5, 2,-
801," Sundkaj 29, 2. mf 2150 Nordhavn ",3695000.0,2018-03-01, Handelstype Alm. frit salg,https://www.boliga.dk//salg/info/101/40024/77B24528-9000-44C5-8BE1-0A805EAF8487,https://www.boliga.dk//bbrinfo/77b24528-9000-44c5-8be1-0a805eaf8487,"(55.71055008, 12.59594205)","Sundkaj 29, 1. mf, 2150 Nordhavn",0101,Egentlig beboelseslejlighed,Eget køkken med afløb,"Bolig i etageejendom, flerfamiliehus eller to-familiehus",Badeværelse i enheden,82, 1,82,Vandskyllende toilet i enheden,3, 1,-
802," Sundkaj 37, 3. tv 2150 Nordhavn ",5750000.0,2018-06-06, Handelstype Alm. frit salg,https://www.boliga.dk//salg/info/101/39997/DF112809-6523-44A1-93F6-2EDD06A3191D,https://www.boliga.dk//bbrinfo/df112809-6523-44a1-93f6-2edd06a3191d,"(55.71030166, 12.59612398)","Sundkaj 37, 1. th, 2150 Nordhavn",0101,Egentlig beboelseslejlighed,Eget køkken med afløb,"Bolig i etageejendom, flerfamiliehus eller to-familiehus",Badeværelse i enheden,98, 1,98,Vandskyllende toilet i enheden,4, 1,-
803," Sundkaj 35, 5. tv 2150 Nordhavn ",7995000.0,2018-01-03, Handelstype Alm. frit salg,https://www.boliga.dk//salg/info/101/39988/5293B817-8C5C-4484-9D08-5928B8270768,https://www.boliga.dk//bbrinfo/5293b817-8c5c-4484-9d08-5928b8270768,"(55.71027646, 12.59630391)","Sundkaj 35, 1. mf, 2150 Nordhavn",0101,Egentlig beboelseslejlighed,Eget køkken med afløb,"Bolig i etageejendom, flerfamiliehus eller to-familiehus",Badeværelse i enheden,117, 1,117,Vandskyllende toilet i enheden,3, 1,-
804," Sundkaj 33, 2. th 2150 Nordhavn ",4095000.0,2018-04-02, Handelstype Alm. frit salg,https://www.boliga.dk//salg/info/101/39963/017EB1E8-68A4-4B30-89AF-CFE885548F75,https://www.boliga.dk//bbrinfo/017eb1e8-68a4-4b30-89af-cfe885548f75,"(55.71038191, 12.59642643)","Sundkaj 33, 1. mf, 2150 Nordhavn",0101,Egentlig beboelseslejlighed,Eget køkken med afløb,"Bolig i etageejendom, flerfamiliehus eller to-familiehus",Badeværelse i enheden,91, 1,91,Vandskyllende toilet i enheden,3, 1,-
805," Göteborg Plads 4, 3. th 2150 Nordhavn ",4275000.0,2018-04-02, Handelstype Alm. frit salg,https://www.boliga.dk//salg/info/101/17618/B0C938D8-9433-4EC0-B639-0321783D3F7A,https://www.boliga.dk//bbrinfo/b0c938d8-9433-4ec0-b639-0321783d3f7a,"(55.70683921, 12.59778127)","Göteborg Plads 4, 4. mf, 2150 Nordhavn",0101,Egentlig beboelseslejlighed,Eget køkken med afløb,"Bolig i etageejendom, flerfamiliehus eller to-familiehus",Badeværelse i enheden,70, 1,70,Vandskyllende toilet i enheden,3, 1,400 V el fra værk
806," Göteborg Plads 4, 3. th 2150 Nordhavn ",3395000.0,2014-07-01, Handelstype Alm. frit salg,https://www.boliga.dk//salg/info/101/17618/B0C938D8-9433-4EC0-B639-0321783D3F7A,https://www.boliga.dk//bbrinfo/b0c938d8-9433-4ec0-b639-0321783d3f7a,"(55.70683921, 12.59778127)","Göteborg Plads 4, 4. mf, 2150 Nordhavn",0101,Egentlig beboelseslejlighed,Eget køkken med afløb,"Bolig i etageejendom, flerfamiliehus eller to-familiehus",Badeværelse i enheden,70, 1,70,Vandskyllende toilet i enheden,3, 1,400 V el fra værk
807," Sundkaj 79, st. th 2150 Nordhavn ",4395000.0,2018-07-01, Handelstype Alm. frit salg,https://www.boliga.dk//salg/info/101/34126/2718B376-E68C-4690-B42D-8719C8A25FB1,https://www.boliga.dk//bbrinfo/2718b376-e68c-4690-b42d-8719c8a25fb1,"(55.70991297, 12.59805412)","Sundkaj 79, 1. th, 2150 Nordhavn",0101,Egentlig beboelseslejlighed,Eget køkken med afløb,"Bolig i etageejendom, flerfamiliehus eller to-familiehus",Badeværelse i enheden,103, 1,103,Vandskyllende toilet i enheden,4, 1,-
808," Sundkaj 37, 3. th 2150 Nordhavn ",5495000.0,2018-07-01, Handelstype Alm. frit salg,https://www.boliga.dk//salg/info/101/39996/1344C321-2980-49CB-A0FE-361134C13E25,https://www.boliga.dk//bbrinfo/1344c321-2980-49cb-a0fe-361134c13e25,"(55.71030166, 12.59612398)","Sundkaj 37, 1. th, 2150 Nordhavn",0101,Egentlig beboelseslejlighed,Eget køkken med afløb,"Bolig i etageejendom, flerfamiliehus eller to-familiehus",Badeværelse i enheden,98, 1,98,Vandskyllende toilet i enheden,4, 1,-
809," Göteborg Plads 4, 4. mf 2150 Nordhavn ",11100000.0,2018-07-01, Handelstype Alm. frit salg,https://www.boliga.dk//salg/info/101/17620/A8535EDF-4D0F-4939-BB79-7E8D4618CE98,https://www.boliga.dk//bbrinfo/a8535edf-4d0f-4939-bb79-7e8d4618ce98,"(55.70683921, 12.59778127)","Göteborg Plads 4, 4. mf, 2150 Nordhavn",0101,Egentlig beboelseslejlighed,Eget køkken med afløb,"Bolig i etageejendom, flerfamiliehus eller to-familiehus",Badeværelse i enheden,156, 1,156,Vandskyllende toilet i enheden,3, 1,400 V el fra værk
810," Göteborg Plads 4, 4. mf 2150 Nordhavn ",8250000.0,2014-06-02, Handelstype Alm. frit salg,https://www.boliga.dk//salg/info/101/17620/A8535EDF-4D0F-4939-BB79-7E8D4618CE98,https://www.boliga.dk//bbrinfo/a8535edf-4d0f-4939-bb79-7e8d4618ce98,"(55.70683921, 12.59778127)","Göteborg Plads 4, 4. mf, 2150 Nordhavn",0101,Egentlig beboelseslejlighed,Eget køkken med afløb,"Bolig i etageejendom, flerfamiliehus eller to-familiehus",Badeværelse i enheden,156, 1,156,Vandskyllende toilet i enheden,3, 1,400 V el fra værk
811," Helsinkigade 18, 10. 2 2150 Nordhavn ",11500000.0,2018-05-01, Handelstype Alm. frit salg,https://www.boliga.dk//salg/info/101/21601/2CD6AB42-BBDC-400A-81DE-2DD9B39E3D93,https://www.boliga.dk//bbrinfo/2cd6ab42-bbdc-400a-81de-2dd9b39e3d93,"(55.70798351, 12.59704886)","Helsinkigade 18, 2. 2, 2150 Nordhavn",0101,Egentlig beboelseslejlighed,Eget køkken med afløb,"Bolig i etageejendom, flerfamiliehus eller to-familiehus",Badeværelse i enheden,134, 2,134,Vandskyllende toilet i enheden,4, 2,-
812," Helsinkigade 18, 10. 2 2150 Nordhavn ",8500000.0,2015-01-05, Handelstype Alm. frit salg,https://www.boliga.dk//salg/info/101/21601/2CD6AB42-BBDC-400A-81DE-2DD9B39E3D93,https://www.boliga.dk//bbrinfo/2cd6ab42-bbdc-400a-81de-2dd9b39e3d93,"(55.70798351, 12.59704886)","Helsinkigade 18, 2. 2, 2150 Nordhavn",0101,Egentlig beboelseslejlighed,Eget køkken med afløb,"Bolig i etageejendom, flerfamiliehus eller to-familiehus",Badeværelse i enheden,134, 2,134,Vandskyllende toilet i enheden,4, 2,-
813," Sundkaj 33, 4. tv 2150 Nordhavn ",6395000.0,2018-04-01, Handelstype Alm. frit salg,https://www.boliga.dk//salg/info/101/39967/8E768E67-2C0F-4B83-8673-D321E0AEFB54,https://www.boliga.dk//bbrinfo/8e768e67-2c0f-4b83-8673-d321e0aefb54,"(55.71038191, 12.59642643)","Sundkaj 33, 1. mf, 2150 Nordhavn",0101,Egentlig beboelseslejlighed,Eget køkken med afløb,"Bolig i etageejendom, flerfamiliehus eller to-familiehus",Badeværelse i enheden,108, 1,108,Vandskyllende toilet i enheden,2, 1,-
814," Sundkaj 35, 1. tv 2150 Nordhavn ",4895000.0,2018-05-09, Handelstype Alm. frit salg,https://www.boliga.dk//salg/info/101/39975/1BDDA6B8-4756-4E44-ACEE-279280510DD6,https://www.boliga.dk//bbrinfo/1bdda6b8-4756-4e44-acee-279280510dd6,"(55.71027646, 12.59630391)","Sundkaj 35, 1. mf, 2150 Nordhavn",0101,Egentlig beboelseslejlighed,Eget køkken med afløb,"Bolig i etageejendom, flerfamiliehus eller to-familiehus",Badeværelse i enheden,91, 1,91,Vandskyllende toilet i enheden,4, 1,-
815," Sundkaj 37, 4. th 2150 Nordhavn ",5595000.0,2018-05-09, Handelstype Alm. frit salg,https://www.boliga.dk//salg/info/101/39998/BF39678F-512B-4948-B668-B66524D790C0,https://www.boliga.dk//bbrinfo/bf39678f-512b-4948-b668-b66524d790c0,"(55.71030166, 12.59612398)","Sundkaj 37, 1. th, 2150 Nordhavn",0101,Egentlig beboelseslejlighed,Eget køkken med afløb,"Bolig i etageejendom, flerfamiliehus eller to-familiehus",Badeværelse i enheden,98, 1,98,Vandskyllende toilet i enheden,4, 1,-
816," Sundkaj 37, st. th 2150 Nordhavn ",3195000.0,2018-05-07, Handelstype Alm. frit salg,https://www.boliga.dk//salg/info/101/39989/BF014C19-932C-42B1-926A-8893B7DEF137,https://www.boliga.dk//bbrinfo/bf014c19-932c-42b1-926a-8893b7def137,"(55.71030166, 12.59612398)","Sundkaj 37, 1. th, 2150 Nordhavn",0101,Egentlig beboelseslejlighed,Eget køkken med afløb,"Bolig i etageejendom, flerfamiliehus eller to-familiehus",Badeværelse i enheden,65, 1,65,Vandskyllende toilet i enheden,2, 1,-
817," Trelleborggade 18, 4. th 2150 Nordhavn ",1147500.0,2018-05-07, Handelstype Alm. frit salg,https://www.boliga.dk//salg/info/101/21431/D3C267B9-34E7-47B0-9DC4-722FC00407E9,https://www.boliga.dk//bbrinfo/d3c267b9-34e7-47b0-9dc4-722fc00407e9,"(55.70665566, 12.59395718)","Trelleborggade 18, 1. th, 2150 Nordhavn",0101,Egentlig beboelseslejlighed,Eget køkken med afløb,"Bolig i etageejendom, flerfamiliehus eller to-familiehus",Badeværelse i enheden,54, 1,54,Vandskyllende toilet i enheden,2, 1,-
818," Trelleborggade 18, 4. th 2150 Nordhavn ",2595000.0,2015-07-02, Handelstype Alm. frit salg,https://www.boliga.dk//salg/info/101/21431/D3C267B9-34E7-47B0-9DC4-722FC00407E9,https://www.boliga.dk//bbrinfo/d3c267b9-34e7-47b0-9dc4-722fc00407e9,"(55.70665566, 12.59395718)","Trelleborggade 18, 1. th, 2150 Nordhavn",0101,Egentlig beboelseslejlighed,Eget køkken med afløb,"Bolig i etageejendom, flerfamiliehus eller to-familiehus",Badeværelse i enheden,54, 1,54,Vandskyllende toilet i enheden,2, 1,-
819," Helsinkigade 23, 3. th 2150 Nordhavn ",5550000.0,2018-05-04, Handelstype Alm. frit salg,https://www.boliga.dk//salg/info/101/18767/5776907A-96F6-4525-85D5-25659FFA33CD,https://www.boliga.dk//bbrinfo/5776907a-96f6-4525-85d5-25659ffa33cd,"(55.70829786, 12.59659491)","Helsinkigade 23, 1. th, 2150 Nordhavn",0101,Egentlig beboelseslejlighed,Eget køkken med afløb,"Bolig i etageejendom, flerfamiliehus eller to-familiehus",Badeværelse i enheden,99, 1,99,Vandskyllende toilet i enheden,4, 1,-
820," Helsinkigade 23, 3. th 2150 Nordhavn ",3695000.0,2014-01-01, Handelstype Alm. frit salg,https://www.boliga.dk//salg/info/101/18767/5776907A-96F6-4525-85D5-25659FFA33CD,https://www.boliga.dk//bbrinfo/5776907a-96f6-4525-85d5-25659ffa33cd,"(55.70829786, 12.59659491)","Helsinkigade 23, 1. th, 2150 Nordhavn",0101,Egentlig beboelseslejlighed,Eget køkken med afløb,"Bolig i etageejendom, flerfamiliehus eller to-familiehus",Badeværelse i enheden,99, 1,99,Vandskyllende toilet i enheden,4, 1,-
821," Sundkaj 39, 2. th 2150 Nordhavn ",6095000.0,2018-04-30, Handelstype Alm. frit salg,https://www.boliga.dk//salg/info/101/40007/9A61C31C-FF6B-4DD6-8E8A-BDE2AE73F2FE,https://www.boliga.dk//bbrinfo/9a61c31c-ff6b-4dd6-8e8a-bde2ae73f2fe,"(55.71035998, 12.59583756)","Sundkaj 39, 1. th, 2150 Nordhavn",0101,Egentlig beboelseslejlighed,Eget køkken med afløb,"Bolig i etageejendom, flerfamiliehus eller to-familiehus",Badeværelse i enheden,112, 1,112,Vandskyllende toilet i enheden,5, 1,-
822," Sundkaj 81, 3. th 2150 Nordhavn ",4995000.0,2018-04-30, Handelstype Alm. frit salg,https://www.boliga.dk//salg/info/101/34144/0DD890F5-CEA9-4562-9570-16F18F530480,https://www.boliga.dk//bbrinfo/0dd890f5-cea9-4562-9570-16f18f530480,"(55.71000257, 12.59811116)","Sundkaj 81, 1. th, 2150 Nordhavn",0101,Egentlig beboelseslejlighed,Eget køkken med afløb,"Bolig i etageejendom, flerfamiliehus eller to-familiehus",Badeværelse i enheden,106, 1,106,Vandskyllende toilet i enheden,4, 1,-
823," Sundkaj 39, st. tv 2150 Nordhavn ",5995000.0,2018-04-30, Handelstype Alm. frit salg,https://www.boliga.dk//salg/info/101/40004/EF8DA1AB-29AA-414D-9A81-F598AD9635AE,https://www.boliga.dk//bbrinfo/ef8da1ab-29aa-414d-9a81-f598ad9635ae,"(55.71035998, 12.59583756)","Sundkaj 39, 1. th, 2150 Nordhavn",0101,Egentlig beboelseslejlighed,Eget køkken med afløb,"Bolig i etageejendom, flerfamiliehus eller to-familiehus",Badeværelse i enheden,122, 1,122,Vandskyllende toilet i enheden,4, 1,-
824," Murmanskgade 3, 2. th 2150 Nordhavn ",10300000.0,2018-03-02, Handelstype Alm. frit salg,https://www.boliga.dk//salg/info/101/17570/81930FAB-55BA-42B3-9BEF-2F8B53F23DAF,https://www.boliga.dk//bbrinfo/81930fab-55ba-42b3-9bef-2f8b53f23daf,"(55.70716738, 12.59860693)","Murmanskgade 3, 3. mf, 2150 Nordhavn",0101,Egentlig beboelseslejlighed,Eget køkken med afløb,"Bolig i etageejendom, flerfamiliehus eller to-familiehus",Badeværelse i enheden,162, 1,162,Vandskyllende toilet i enheden,3, 1,400 V el fra værk
825," Murmanskgade 3, 2. th 2150 Nordhavn ",6995000.0,2013-05-01, Handelstype Alm. frit salg,https://www.boliga.dk//salg/info/101/17570/81930FAB-55BA-42B3-9BEF-2F8B53F23DAF,https://www.boliga.dk//bbrinfo/81930fab-55ba-42b3-9bef-2f8b53f23daf,"(55.70716738, 12.59860693)","Murmanskgade 3, 3. mf, 2150 Nordhavn",0101,Egentlig beboelseslejlighed,Eget køkken med afløb,"Bolig i etageejendom, flerfamiliehus eller to-familiehus",Badeværelse i enheden,162, 1,162,Vandskyllende toilet i enheden,3, 1,400 V el fra værk
826," Sundkaj 37, st. tv 2150 Nordhavn ",5095000.0,2018-09-01, Handelstype Alm. frit salg,https://www.boliga.dk//salg/info/101/39990/E356DE3B-38A7-425E-8BE3-ACD8294C87CD,https://www.boliga.dk//bbrinfo/e356de3b-38a7-425e-8be3-acd8294c87cd,"(55.71030166, 12.59612398)","Sundkaj 37, 1. th, 2150 Nordhavn",0101,Egentlig beboelseslejlighed,Eget køkken med afløb,"Bolig i etageejendom, flerfamiliehus eller to-familiehus",Badeværelse i enheden,99, 1,99,Vandskyllende toilet i enheden,4, 1,-
827," Dover Passage 4, st. tv 2150 Nordhavn ",3685000.0,2018-08-01, Handelstype Alm. frit salg,https://www.boliga.dk//salg/info/101/18719/8FA6F538-D054-43A6-B5B0-0A4026259BC1,https://www.boliga.dk//bbrinfo/8fa6f538-d054-43a6-b5b0-0a4026259bc1,"(55.70863885, 12.59617413)","Dover Passage 4, 1. mf, 2150 Nordhavn",0101,Egentlig beboelseslejlighed,Eget køkken med afløb,"Bolig i etageejendom, flerfamiliehus eller to-familiehus",Badeværelse i enheden,80, 1,80,Vandskyllende toilet i enheden,2, 1,-
828," Dover Passage 4, st. tv 2150 Nordhavn ",2895000.0,2014-06-01, Handelstype Alm. frit salg,https://www.boliga.dk//salg/info/101/18719/8FA6F538-D054-43A6-B5B0-0A4026259BC1,https://www.boliga.dk//bbrinfo/8fa6f538-d054-43a6-b5b0-0a4026259bc1,"(55.70863885, 12.59617413)","Dover Passage 4, 1. mf, 2150 Nordhavn",0101,Egentlig beboelseslejlighed,Eget køkken med afløb,"Bolig i etageejendom, flerfamiliehus eller to-familiehus",Badeværelse i enheden,80, 1,80,Vandskyllende toilet i enheden,2, 1,-
829," Sundkaj 41, st. tv 2150 Nordhavn ",3450000.0,2018-04-01, Handelstype Alm. frit salg,https://www.boliga.dk//salg/info/101/27140/8723634C-F10F-4B79-8AEA-5D6B2C2395C4,https://www.boliga.dk//bbrinfo/8723634c-f10f-4b79-8aea-5d6b2c2395c4,"(55.71004763, 12.59665472)","Sundkaj 41, 4., 2150 Nordhavn",0101,Egentlig beboelseslejlighed,Eget køkken med afløb,"Bolig i etageejendom, flerfamiliehus eller to-familiehus",Badeværelse i enheden,71, 1,71,Vandskyllende toilet i enheden,2, 1,400 V el fra værk
830," Sundkaj 41, st. tv 2150 Nordhavn ",2706807.0,2016-05-20, Handelstype Alm. frit salg,https://www.boliga.dk//salg/info/101/27140/8723634C-F10F-4B79-8AEA-5D6B2C2395C4,https://www.boliga.dk//bbrinfo/8723634c-f10f-4b79-8aea-5d6b2c2395c4,"(55.71004763, 12.59665472)","Sundkaj 41, 4., 2150 Nordhavn",0101,Egentlig beboelseslejlighed,Eget køkken med afløb,"Bolig i etageejendom, flerfamiliehus eller to-familiehus",Badeværelse i enheden,71, 1,71,Vandskyllende toilet i enheden,2, 1,400 V el fra værk
831," Århusgade 142, 5. mf 2150 Nordhavn ",5841246.0,2018-01-01, Handelstype Alm. frit salg,https://www.boliga.dk//salg/info/101/15834/AEDEDC4E-53C1-4E2C-9DA9-0F63421A6A20,https://www.boliga.dk//bbrinfo/aededc4e-53c1-4e2c-9da9-0f63421a6a20,"(55.70766809, 12.59612213)","Århusgade 142, 1. mf, 2150 Nordhavn",0101,Egentlig beboelseslejlighed,Eget køkken med afløb,"Bolig i etageejendom, flerfamiliehus eller to-familiehus",Badeværelse i enheden,118, 1,118,Vandskyllende toilet i enheden,4, 1,-
832," Århusgade 142, 5. mf 2150 Nordhavn ",5700165.0,2013-04-10, Handelstype Alm. frit salg,https://www.boliga.dk//salg/info/101/15834/AEDEDC4E-53C1-4E2C-9DA9-0F63421A6A20,https://www.boliga.dk//bbrinfo/aededc4e-53c1-4e2c-9da9-0f63421a6a20,"(55.70766809, 12.59612213)","Århusgade 142, 1. mf, 2150 Nordhavn",0101,Egentlig beboelseslejlighed,Eget køkken med afløb,"Bolig i etageejendom, flerfamiliehus eller to-familiehus",Badeværelse i enheden,118, 1,118,Vandskyllende toilet i enheden,4, 1,-
833," Sundkaj 85, st. tv 2150 Nordhavn ",2795000.0,2018-04-10, Handelstype Alm. frit salg,https://www.boliga.dk//salg/info/101/34155/EA7AE574-A512-4D05-BC32-C255A433CB29,https://www.boliga.dk//bbrinfo/ea7ae574-a512-4d05-bc32-c255a433cb29,"(55.70997625, 12.59869483)","Sundkaj 85, 1. mf, 2150 Nordhavn",0101,Egentlig beboelseslejlighed,Eget køkken med afløb,"Bolig i etageejendom, flerfamiliehus eller to-familiehus",Badeværelse i enheden,60, 1,60,Vandskyllende toilet i enheden,2, 1,-
834," Sundkaj 35, st. th 2150 Nordhavn ",4095000.0,2018-04-10, Handelstype Alm. frit salg,https://www.boliga.dk//salg/info/101/39971/3171E83A-974E-409A-A825-0FF3D087B36A,https://www.boliga.dk//bbrinfo/3171e83a-974e-409a-a825-0ff3d087b36a,"(55.71027646, 12.59630391)","Sundkaj 35, 1. mf, 2150 Nordhavn",0101,Egentlig beboelseslejlighed,Eget køkken med afløb,"Bolig i etageejendom, flerfamiliehus eller to-familiehus",Badeværelse i enheden,81, 1,81,Vandskyllende toilet i enheden,3, 1,-
835," Trelleborggade 16, 3. tv 2150 Nordhavn ",5950000.0,2018-04-05, Handelstype Alm. frit salg,https://www.boliga.dk//salg/info/101/21417/24323117-918B-497D-9FC4-4F8614ED92BB,https://www.boliga.dk//bbrinfo/24323117-918b-497d-9fc4-4f8614ed92bb,"(55.70663372, 12.59374543)","Trelleborggade 16, 1. th, 2150 Nordhavn",0101,Egentlig beboelseslejlighed,Eget køkken med afløb,"Bolig i etageejendom, flerfamiliehus eller to-familiehus",Badeværelse i enheden,106, 1,106,Vandskyllende toilet i enheden,4, 1,-
836," Trelleborggade 16, 3. tv 2150 Nordhavn ",4795000.0,2015-07-01, Handelstype Alm. frit salg,https://www.boliga.dk//salg/info/101/21417/24323117-918B-497D-9FC4-4F8614ED92BB,https://www.boliga.dk//bbrinfo/24323117-918b-497d-9fc4-4f8614ed92bb,"(55.70663372, 12.59374543)","Trelleborggade 16, 1. th, 2150 Nordhavn",0101,Egentlig beboelseslejlighed,Eget køkken med afløb,"Bolig i etageejendom, flerfamiliehus eller to-familiehus",Badeværelse i enheden,106, 1,106,Vandskyllende toilet i enheden,4, 1,-
837," Trelleborggade 15, 5. 1 2150 Nordhavn ",3395000.0,2018-04-04, Handelstype Alm. frit salg,https://www.boliga.dk//salg/info/101/39349/7835F543-0DA4-41FE-B3DB-B750E8A6306B,https://www.boliga.dk//bbrinfo/7835f543-0da4-41fe-b3db-b750e8a6306b,"(55.70686603, 12.59442831)","Trelleborggade 15, 2150 Nordhavn",0101,Egentlig beboelseslejlighed,Eget køkken med afløb,"Bolig i etageejendom, flerfamiliehus eller to-familiehus",Badeværelse i enheden,60, 1,60,Vandskyllende toilet i enheden,2, 1,-
838," Trelleborggade 15, 4. 3 2150 Nordhavn ",6395000.0,2018-04-03, Handelstype Alm. frit salg,https://www.boliga.dk//salg/info/101/39348/641C1369-D5E9-41EC-9921-30735CAC4B68,https://www.boliga.dk//bbrinfo/641c1369-d5e9-41ec-9921-30735cac4b68,"(55.70686603, 12.59442831)","Trelleborggade 15, 2150 Nordhavn",0101,Egentlig beboelseslejlighed,Eget køkken med afløb,"Bolig i etageejendom, flerfamiliehus eller to-familiehus",Badeværelse i enheden,121, 2,121,Vandskyllende toilet i enheden,3, 2,-
839," Trelleborggade 15, 3. 5 2150 Nordhavn ",6600000.0,2018-08-02, Handelstype Alm. frit salg,https://www.boliga.dk//salg/info/101/39343/B8727ABA-0290-4586-A6F4-2080A9C8BA65,https://www.boliga.dk//bbrinfo/b8727aba-0290-4586-a6f4-2080a9c8ba65,"(55.70686603, 12.59442831)","Trelleborggade 15, 2150 Nordhavn",0101,Egentlig beboelseslejlighed,Eget køkken med afløb,"Bolig i etageejendom, flerfamiliehus eller to-familiehus",Badeværelse i enheden,144, 1,144,Vandskyllende toilet i enheden,4, 1,-
840," Göteborg Plads 4, 2. mf 2150 Nordhavn ",3750000.0,2018-03-02, Handelstype Familieoverdragelse,https://www.boliga.dk//salg/info/101/17614/05E596F4-D2A7-4686-A7F2-20FA9D83985C,https://www.boliga.dk//bbrinfo/05e596f4-d2a7-4686-a7f2-20fa9d83985c,"(55.70683921, 12.59778127)","Göteborg Plads 4, 4. mf, 2150 Nordhavn",0101,Egentlig beboelseslejlighed,Eget køkken med afløb,"Bolig i etageejendom, flerfamiliehus eller to-familiehus",Badeværelse i enheden,156, 1,156,Vandskyllende toilet i enheden,4, 1,400 V el fra værk
841," Göteborg Plads 4, 2. mf 2150 Nordhavn ",7500000.0,2015-06-01, Handelstype Alm. frit salg,https://www.boliga.dk//salg/info/101/17614/05E596F4-D2A7-4686-A7F2-20FA9D83985C,https://www.boliga.dk//bbrinfo/05e596f4-d2a7-4686-a7f2-20fa9d83985c,"(55.70683921, 12.59778127)","Göteborg Plads 4, 4. mf, 2150 Nordhavn",0101,Egentlig beboelseslejlighed,Eget køkken med afløb,"Bolig i etageejendom, flerfamiliehus eller to-familiehus",Badeværelse i enheden,156, 1,156,Vandskyllende toilet i enheden,4, 1,400 V el fra værk
842," Helsinkigade 21, st. th 2150 Nordhavn ",3700000.0,2018-02-02, Handelstype Alm. frit salg,https://www.boliga.dk//salg/info/101/18752/82DD2FB0-05FD-4031-9BD9-0CF42A6FC590,https://www.boliga.dk//bbrinfo/82dd2fb0-05fd-4031-9bd9-0cf42a6fc590,"(55.70833562, 12.59638354)","Helsinkigade 21, 4., 2150 Nordhavn",0101,Egentlig beboelseslejlighed,Eget køkken med afløb,"Bolig i etageejendom, flerfamiliehus eller to-familiehus",Badeværelse i enheden,78, 1,78,Vandskyllende toilet i enheden,2, 1,-
843," Helsinkigade 21, st. th 2150 Nordhavn ",1647500.0,2016-03-02, Handelstype Familieoverdragelse,https://www.boliga.dk//salg/info/101/18752/82DD2FB0-05FD-4031-9BD9-0CF42A6FC590,https://www.boliga.dk//bbrinfo/82dd2fb0-05fd-4031-9bd9-0cf42a6fc590,"(55.70833562, 12.59638354)","Helsinkigade 21, 4., 2150 Nordhavn",0101,Egentlig beboelseslejlighed,Eget køkken med afløb,"Bolig i etageejendom, flerfamiliehus eller to-familiehus",Badeværelse i enheden,78, 1,78,Vandskyllende toilet i enheden,2, 1,-
844," Helsinkigade 21, st. th 2150 Nordhavn ",2395000.0,2014-06-01, Handelstype Alm. frit salg,https://www.boliga.dk//salg/info/101/18752/82DD2FB0-05FD-4031-9BD9-0CF42A6FC590,https://www.boliga.dk//bbrinfo/82dd2fb0-05fd-4031-9bd9-0cf42a6fc590,"(55.70833562, 12.59638354)","Helsinkigade 21, 4., 2150 Nordhavn",0101,Egentlig beboelseslejlighed,Eget køkken med afløb,"Bolig i etageejendom, flerfamiliehus eller to-familiehus",Badeværelse i enheden,78, 1,78,Vandskyllende toilet i enheden,2, 1,-
845," Fortkaj 22, st. th 2150 Nordhavn ",4995000.0,2018-01-02, Handelstype Alm. frit salg,https://www.boliga.dk//salg/info/101/18693/4A7F2DC4-48B7-4121-BA59-748B9015F160,https://www.boliga.dk//bbrinfo/4a7f2dc4-48b7-4121-ba59-748b9015f160,"(55.70860402, 12.59680096)","Fortkaj 22, 1. th, 2150 Nordhavn",0101,Egentlig beboelseslejlighed,Eget køkken med afløb,"Bolig i etageejendom, flerfamiliehus eller to-familiehus",Badeværelse i enheden,97, 1,97,Vandskyllende toilet i enheden,4, 1,-
846," Fortkaj 22, st. th 2150 Nordhavn ",3450000.0,2014-08-07, Handelstype Alm. frit salg,https://www.boliga.dk//salg/info/101/18693/4A7F2DC4-48B7-4121-BA59-748B9015F160,https://www.boliga.dk//bbrinfo/4a7f2dc4-48b7-4121-ba59-748b9015f160,"(55.70860402, 12.59680096)","Fortkaj 22, 1. th, 2150 Nordhavn",0101,Egentlig beboelseslejlighed,Eget køkken med afløb,"Bolig i etageejendom, flerfamiliehus eller to-familiehus",Badeværelse i enheden,97, 1,97,Vandskyllende toilet i enheden,4, 1,-
847," Sundkaj 35, 1. th 2150 Nordhavn ",4495000.0,2018-01-02, Handelstype Alm. frit salg,https://www.boliga.dk//salg/info/101/39974/4AB3305C-12AB-446D-A96D-3A83DD35EF5D,https://www.boliga.dk//bbrinfo/4ab3305c-12ab-446d-a96d-3a83dd35ef5d,"(55.71027646, 12.59630391)","Sundkaj 35, 1. mf, 2150 Nordhavn",0101,Egentlig beboelseslejlighed,Eget køkken med afløb,"Bolig i etageejendom, flerfamiliehus eller to-familiehus",Badeværelse i enheden,81, 1,81,Vandskyllende toilet i enheden,3, 1,-
848," Sundkaj 29, 2. tv 2150 Nordhavn ",3195000.0,2018-09-01, Handelstype Alm. frit salg,https://www.boliga.dk//salg/info/101/40023/105D863C-91D1-40CB-9CFE-4FB9E372CA99,https://www.boliga.dk//bbrinfo/105d863c-91d1-40cb-9cfe-4fb9e372ca99,"(55.71055008, 12.59594205)","Sundkaj 29, 1. mf, 2150 Nordhavn",0101,Egentlig beboelseslejlighed,Eget køkken med afløb,"Bolig i etageejendom, flerfamiliehus eller to-familiehus",Badeværelse i enheden,70, 1,70,Vandskyllende toilet i enheden,2, 1,-
849," Sundkaj 29, 3. tv 2150 Nordhavn ",3295000.0,2018-02-01, Handelstype Alm. frit salg,https://www.boliga.dk//salg/info/101/40026/06928B42-910C-40EB-BEAB-FEDDD8EC910B,https://www.boliga.dk//bbrinfo/06928b42-910c-40eb-beab-feddd8ec910b,"(55.71055008, 12.59594205)","Sundkaj 29, 1. mf, 2150 Nordhavn",0101,Egentlig beboelseslejlighed,Eget køkken med afløb,"Bolig i etageejendom, flerfamiliehus eller to-familiehus",Badeværelse i enheden,70, 1,70,Vandskyllende toilet i enheden,2, 1,-
850," Sundkaj 39, 4. th 2150 Nordhavn ",6295000.0,2018-03-05, Handelstype Alm. frit salg,https://www.boliga.dk//salg/info/101/40012/C787FD4D-768F-4A7F-A211-0AC0A9F9730A,https://www.boliga.dk//bbrinfo/c787fd4d-768f-4a7f-a211-0ac0a9f9730a,"(55.71035998, 12.59583756)","Sundkaj 39, 1. th, 2150 Nordhavn",0101,Egentlig beboelseslejlighed,Eget køkken med afløb,"Bolig i etageejendom, flerfamiliehus eller to-familiehus",Badeværelse i enheden,112, 1,112,Vandskyllende toilet i enheden,5, 1,-
851," Sundkaj 31, 1. tv 2150 Nordhavn ",3795000.0,2018-03-05, Handelstype Alm. frit salg,https://www.boliga.dk//salg/info/101/40036/24C6660B-7D96-485A-802B-93E4BD486CDA,https://www.boliga.dk//bbrinfo/24c6660b-7d96-485a-802b-93e4bd486cda,"(55.71046692, 12.59624242)","Sundkaj 31, 1. mf, 2150 Nordhavn",0101,Egentlig beboelseslejlighed,Eget køkken med afløb,"Bolig i etageejendom, flerfamiliehus eller to-familiehus",Badeværelse i enheden,89, 1,89,Vandskyllende toilet i enheden,3, 1,-
852," Helsinkigade 29, 7. th 2150 Nordhavn ",10150000.0,2018-03-05, Handelstype Alm. frit salg,https://www.boliga.dk//salg/info/101/23304/0F14DC79-3A53-41B9-B64B-1047F226251C,https://www.boliga.dk//bbrinfo/0f14dc79-3a53-41b9-b64b-1047f226251c,"(55.70806117, 12.59788684)","Helsinkigade 29, 2150 Nordhavn",0101,Egentlig beboelseslejlighed,Eget køkken med afløb,"Bolig i etageejendom, flerfamiliehus eller to-familiehus",Badeværelse i enheden,137, 1,137,Vandskyllende toilet i enheden,4, 1,400 V el fra værk
853," Helsinkigade 29, 7. th 2150 Nordhavn ",8040576.0,2017-01-01, Handelstype Alm. frit salg,https://www.boliga.dk//salg/info/101/23304/0F14DC79-3A53-41B9-B64B-1047F226251C,https://www.boliga.dk//bbrinfo/0f14dc79-3a53-41b9-b64b-1047f226251c,"(55.70806117, 12.59788684)","Helsinkigade 29, 2150 Nordhavn",0101,Egentlig beboelseslejlighed,Eget køkken med afløb,"Bolig i etageejendom, flerfamiliehus eller to-familiehus",Badeværelse i enheden,137, 1,137,Vandskyllende toilet i enheden,4, 1,400 V el fra værk
854," Sundkaj 35, 3. th 2150 Nordhavn ",4695000.0,2018-03-05, Handelstype Alm. frit salg,https://www.boliga.dk//salg/info/101/39981/169FC2DE-5825-459C-9599-0C9FC4C41AC7,https://www.boliga.dk//bbrinfo/169fc2de-5825-459c-9599-0c9fc4c41ac7,"(55.71027646, 12.59630391)","Sundkaj 35, 1. mf, 2150 Nordhavn",0101,Egentlig beboelseslejlighed,Eget køkken med afløb,"Bolig i etageejendom, flerfamiliehus eller to-familiehus",Badeværelse i enheden,81, 1,81,Vandskyllende toilet i enheden,3, 1,-
855," Sundkaj 79, st. tv 2150 Nordhavn ",3495000.0,2018-03-04, Handelstype Alm. frit salg,https://www.boliga.dk//salg/info/101/34125/A5838EC8-7516-441F-BA6D-CF1397E967F6,https://www.boliga.dk//bbrinfo/a5838ec8-7516-441f-ba6d-cf1397e967f6,"(55.70991297, 12.59805412)","Sundkaj 79, 1. th, 2150 Nordhavn",0101,Egentlig beboelseslejlighed,Eget køkken med afløb,"Bolig i etageejendom, flerfamiliehus eller to-familiehus",Badeværelse i enheden,73, 1,73,Vandskyllende toilet i enheden,3, 1,-
856," Dover Passage 4, 1. mf 2150 Nordhavn ",5505000.0,2018-07-02, Handelstype Alm. frit salg,https://www.boliga.dk//salg/info/101/18723/094495B7-1C3C-4A8C-A2ED-2A25DC19DEC2,https://www.boliga.dk//bbrinfo/094495b7-1c3c-4a8c-a2ed-2a25dc19dec2,"(55.70863885, 12.59617413)","Dover Passage 4, 1. mf, 2150 Nordhavn",0101,Egentlig beboelseslejlighed,Eget køkken med afløb,"Bolig i etageejendom, flerfamiliehus eller to-familiehus",Badeværelse i enheden,101, 1,101,Vandskyllende toilet i enheden,4, 1,-
857," Dover Passage 4, 1. mf 2150 Nordhavn ",4495000.0,2014-03-02, Handelstype Alm. frit salg,https://www.boliga.dk//salg/info/101/18723/094495B7-1C3C-4A8C-A2ED-2A25DC19DEC2,https://www.boliga.dk//bbrinfo/094495b7-1c3c-4a8c-a2ed-2a25dc19dec2,"(55.70863885, 12.59617413)","Dover Passage 4, 1. mf, 2150 Nordhavn",0101,Egentlig beboelseslejlighed,Eget køkken med afløb,"Bolig i etageejendom, flerfamiliehus eller to-familiehus",Badeværelse i enheden,101, 1,101,Vandskyllende toilet i enheden,4, 1,-
858," Århusgade 131A, 3. th 2150 Nordhavn ",6375000.0,2018-03-02, Handelstype Alm. frit salg,https://www.boliga.dk//salg/info/101/19601/035A9106-2D61-4047-8F48-BF39C94DA538,https://www.boliga.dk//bbrinfo/035a9106-2d61-4047-8f48-bf39c94da538,"(55.70773906, 12.59402888)","Århusgade 131A, 1. mf, 2150 Nordhavn",0101,Egentlig beboelseslejlighed,Eget køkken med afløb,"Bolig i etageejendom, flerfamiliehus eller to-familiehus",Badeværelse i enheden,130, 2,130,Vandskyllende toilet i enheden,5, 2,230 V el fra værk
859," Århusgade 131A, 3. th 2150 Nordhavn ",5402825.0,2015-04-09, Handelstype Alm. frit salg,https://www.boliga.dk//salg/info/101/19601/035A9106-2D61-4047-8F48-BF39C94DA538,https://www.boliga.dk//bbrinfo/035a9106-2d61-4047-8f48-bf39c94da538,"(55.70773906, 12.59402888)","Århusgade 131A, 1. mf, 2150 Nordhavn",0101,Egentlig beboelseslejlighed,Eget køkken med afløb,"Bolig i etageejendom, flerfamiliehus eller to-familiehus",Badeværelse i enheden,130, 2,130,Vandskyllende toilet i enheden,5, 2,230 V el fra værk
860," Sundkaj 87, st. th 2150 Nordhavn ",3495000.0,2018-02-20, Handelstype Alm. frit salg,https://www.boliga.dk//salg/info/101/34112/D2B2A724-66E4-4388-9A3B-BBB46B35120E,https://www.boliga.dk//bbrinfo/d2b2a724-66e4-4388-9a3b-bbb46b35120e,"(55.7097076, 12.59801986)","Sundkaj 87, 1. th, 2150 Nordhavn",0101,Egentlig beboelseslejlighed,Eget køkken med afløb,"Bolig i etageejendom, flerfamiliehus eller to-familiehus",Badeværelse i enheden,73, 1,73,Vandskyllende toilet i enheden,3, 1,-
861," Sundkaj 9, 1. tv 2150 Nordhavn ",5555345.0,2018-02-20, Handelstype Alm. frit salg,https://www.boliga.dk//salg/info/101/33607/04729733-BBC6-4A1F-AD9C-59892DDAA7D0,https://www.boliga.dk//bbrinfo/04729733-bbc6-4a1f-ad9c-59892ddaa7d0,"(55.71054004, 12.59500658)","Sundkaj 9, 1. th, 2150 Nordhavn",0101,Egentlig beboelseslejlighed,Eget køkken med afløb,"Bolig i etageejendom, flerfamiliehus eller to-familiehus",Badeværelse i enheden,98, 1,98,Vandskyllende toilet i enheden,4, 1,-
862," Murmanskgade 3, st. mf 2150 Nordhavn ",5300000.0,2018-08-01, Handelstype Alm. frit salg,https://www.boliga.dk//salg/info/101/17562/CD02ED71-0C34-4925-83AA-C1127C4D8E87,https://www.boliga.dk//bbrinfo/cd02ed71-0c34-4925-83aa-c1127c4d8e87,"(55.70716738, 12.59860693)","Murmanskgade 3, 3. mf, 2150 Nordhavn",0101,Egentlig beboelseslejlighed,Eget køkken med afløb,"Bolig i etageejendom, flerfamiliehus eller to-familiehus",Badeværelse i enheden,117, 1,117,Vandskyllende toilet i enheden,3, 1,400 V el fra værk
863," Murmanskgade 3, st. mf 2150 Nordhavn ",2995000.0,2013-02-01, Handelstype Alm. frit salg,https://www.boliga.dk//salg/info/101/17562/CD02ED71-0C34-4925-83AA-C1127C4D8E87,https://www.boliga.dk//bbrinfo/cd02ed71-0c34-4925-83aa-c1127c4d8e87,"(55.70716738, 12.59860693)","Murmanskgade 3, 3. mf, 2150 Nordhavn",0101,Egentlig beboelseslejlighed,Eget køkken med afløb,"Bolig i etageejendom, flerfamiliehus eller to-familiehus",Badeværelse i enheden,117, 1,117,Vandskyllende toilet i enheden,3, 1,400 V el fra værk
864," Sandkaj 17, 5. th 2150 Nordhavn ",5125000.0,2018-03-01, Handelstype Familieoverdragelse,https://www.boliga.dk//salg/info/101/21488/9AEB441B-8808-4117-B0C9-C5F3FEA8724E,https://www.boliga.dk//bbrinfo/9aeb441b-8808-4117-b0c9-c5f3fea8724e,"(55.70637451, 12.59427245)","Sandkaj 17, 1. th, 2150 Nordhavn",0101,Egentlig beboelseslejlighed,Eget køkken med afløb,"Bolig i etageejendom, flerfamiliehus eller to-familiehus",Badeværelse i enheden,132, 2,132,Vandskyllende toilet i enheden,4, 2,-
865," Sandkaj 17, 5. th 2150 Nordhavn ",9495000.0,2015-03-01, Handelstype Alm. frit salg,https://www.boliga.dk//salg/info/101/21488/9AEB441B-8808-4117-B0C9-C5F3FEA8724E,https://www.boliga.dk//bbrinfo/9aeb441b-8808-4117-b0c9-c5f3fea8724e,"(55.70637451, 12.59427245)","Sandkaj 17, 1. th, 2150 Nordhavn",0101,Egentlig beboelseslejlighed,Eget køkken med afløb,"Bolig i etageejendom, flerfamiliehus eller to-familiehus",Badeværelse i enheden,132, 2,132,Vandskyllende toilet i enheden,4, 2,-
866," Sundkaj 83, st. th 2150 Nordhavn ",3995000.0,2018-02-01, Handelstype Alm. frit salg,https://www.boliga.dk//salg/info/101/34148/450BC7C2-0D9B-4980-8D63-4B5DC48B2612,https://www.boliga.dk//bbrinfo/450bc7c2-0d9b-4980-8d63-4b5dc48b2612,"(55.71002934, 12.59843335)","Sundkaj 83, 1. th, 2150 Nordhavn",0101,Egentlig beboelseslejlighed,Eget køkken med afløb,"Bolig i etageejendom, flerfamiliehus eller to-familiehus",Badeværelse i enheden,95, 1,95,Vandskyllende toilet i enheden,4, 1,-
867," Sundkaj 11, st. tv 2150 Nordhavn ",3411072.0,2018-02-08, Handelstype Alm. frit salg,https://www.boliga.dk//salg/info/101/33611/90C362AD-0974-4704-8F16-0CB98B923F5A,https://www.boliga.dk//bbrinfo/90c362ad-0974-4704-8f16-0cb98b923f5a,"(55.71066469, 12.59508637)","Sundkaj 11, 1. mf, 2150 Nordhavn",0101,Egentlig beboelseslejlighed,Eget køkken med afløb,"Bolig i etageejendom, flerfamiliehus eller to-familiehus",Badeværelse i enheden,62, 1,62,Vandskyllende toilet i enheden,2, 1,-
868," Sandkaj 15, 4. tv 2150 Nordhavn ",8100000.0,2018-02-07, Handelstype Alm. frit salg,https://www.boliga.dk//salg/info/101/21472/E91E9201-DAC2-4476-9168-889C93EF6BB0,https://www.boliga.dk//bbrinfo/e91e9201-dac2-4476-9168-889c93ef6bb0,"(55.70634293, 12.59398163)","Sandkaj 15, 5., 2150 Nordhavn",0101,Egentlig beboelseslejlighed,Eget køkken med afløb,"Bolig i etageejendom, flerfamiliehus eller to-familiehus",Badeværelse i enheden,110, 2,110,Vandskyllende toilet i enheden,3, 2,-
869," Sandkaj 15, 4. tv 2150 Nordhavn ",6600000.0,2018-01-03, Handelstype Salg i øvrigt,https://www.boliga.dk//salg/info/101/21472/E91E9201-DAC2-4476-9168-889C93EF6BB0,https://www.boliga.dk//bbrinfo/e91e9201-dac2-4476-9168-889c93ef6bb0,"(55.70634293, 12.59398163)","Sandkaj 15, 5., 2150 Nordhavn",0101,Egentlig beboelseslejlighed,Eget køkken med afløb,"Bolig i etageejendom, flerfamiliehus eller to-familiehus",Badeværelse i enheden,110, 2,110,Vandskyllende toilet i enheden,3, 2,-
870," Sandkaj 15, 4. tv 2150 Nordhavn ",6095000.0,2015-03-09, Handelstype Alm. frit salg,https://www.boliga.dk//salg/info/101/21472/E91E9201-DAC2-4476-9168-889C93EF6BB0,https://www.boliga.dk//bbrinfo/e91e9201-dac2-4476-9168-889c93ef6bb0,"(55.70634293, 12.59398163)","Sandkaj 15, 5., 2150 Nordhavn",0101,Egentlig beboelseslejlighed,Eget køkken med afløb,"Bolig i etageejendom, flerfamiliehus eller to-familiehus",Badeværelse i enheden,110, 2,110,Vandskyllende toilet i enheden,3, 2,-
871," Sundkaj 81, 2. th 2150 Nordhavn ",4895000.0,2018-01-03, Handelstype Alm. frit salg,https://www.boliga.dk//salg/info/101/34141/C32A464D-53AA-403B-91B6-098BA07A7FA2,https://www.boliga.dk//bbrinfo/c32a464d-53aa-403b-91b6-098ba07a7fa2,"(55.71000257, 12.59811116)","Sundkaj 81, 1. th, 2150 Nordhavn",0101,Egentlig beboelseslejlighed,Eget køkken med afløb,"Bolig i etageejendom, flerfamiliehus eller to-familiehus",Badeværelse i enheden,106, 1,106,Vandskyllende toilet i enheden,4, 1,-
872," Helsinkigade 20, 9. 1 2150 Nordhavn ",8500000.0,2018-05-02, Handelstype Alm. frit salg,https://www.boliga.dk//salg/info/101/21639/7DEE5D46-5787-44E6-B5D2-B444ADABB127,https://www.boliga.dk//bbrinfo/7dee5d46-5787-44e6-b5d2-b444adabb127,"(55.70792825, 12.59733266)","Helsinkigade 20, 10., 2150 Nordhavn",0101,Egentlig beboelseslejlighed,Eget køkken med afløb,"Bolig i etageejendom, flerfamiliehus eller to-familiehus",Badeværelse i enheden,114, 1,114,Vandskyllende toilet i enheden,3, 2,-
873," Helsinkigade 20, 9. 1 2150 Nordhavn ",6498513.0,2014-07-01, Handelstype Alm. frit salg,https://www.boliga.dk//salg/info/101/21639/7DEE5D46-5787-44E6-B5D2-B444ADABB127,https://www.boliga.dk//bbrinfo/7dee5d46-5787-44e6-b5d2-b444adabb127,"(55.70792825, 12.59733266)","Helsinkigade 20, 10., 2150 Nordhavn",0101,Egentlig beboelseslejlighed,Eget køkken med afløb,"Bolig i etageejendom, flerfamiliehus eller to-familiehus",Badeværelse i enheden,114, 1,114,Vandskyllende toilet i enheden,3, 2,-
874," Trelleborggade 15, 5. 2 2150 Nordhavn ",8106691.0,2018-04-02, Handelstype Alm. frit salg,https://www.boliga.dk//salg/info/101/39350/370FE70B-C384-453B-B185-EDA64AD234B8,https://www.boliga.dk//bbrinfo/370fe70b-c384-453b-b185-eda64ad234b8,"(55.70686603, 12.59442831)","Trelleborggade 15, 2150 Nordhavn",0101,Egentlig beboelseslejlighed,Eget køkken med afløb,"Bolig i etageejendom, flerfamiliehus eller to-familiehus",Badeværelse i enheden,147, 2,147,Vandskyllende toilet i enheden,4, 2,-
875," Trelleborggade 15, 3. 7 2150 Nordhavn ",6463607.0,2018-09-01, Handelstype Alm. frit salg,https://www.boliga.dk//salg/info/101/39345/2858A737-3410-48F5-A081-1064596E2234,https://www.boliga.dk//bbrinfo/2858a737-3410-48f5-a081-1064596e2234,"(55.70686603, 12.59442831)","Trelleborggade 15, 2150 Nordhavn",0101,Egentlig beboelseslejlighed,Eget køkken med afløb,"Bolig i etageejendom, flerfamiliehus eller to-familiehus",Badeværelse i enheden,120, 1,120,Vandskyllende toilet i enheden,4, 1,-
876," Sundkaj 85, 1. tv 2150 Nordhavn ",3195000.0,2018-05-01, Handelstype Alm. frit salg,https://www.boliga.dk//salg/info/101/34161/D243C5AD-421A-4C26-B734-870EBF0E619A,https://www.boliga.dk//bbrinfo/d243c5ad-421a-4c26-b734-870ebf0e619a,"(55.70997625, 12.59869483)","Sundkaj 85, 1. mf, 2150 Nordhavn",0101,Egentlig beboelseslejlighed,Eget køkken med afløb,"Bolig i etageejendom, flerfamiliehus eller to-familiehus",Badeværelse i enheden,63, 1,63,Vandskyllende toilet i enheden,2, 1,-
877," Sundkaj 87, 5. tv 2150 Nordhavn ",9395000.0,2018-01-05, Handelstype Alm. frit salg,https://www.boliga.dk//salg/info/101/34124/85DA8C05-E7F5-44AF-97F6-C17984E16196,https://www.boliga.dk//bbrinfo/85da8c05-e7f5-44af-97f6-c17984e16196,"(55.7097076, 12.59801986)","Sundkaj 87, 1. th, 2150 Nordhavn",0101,Egentlig beboelseslejlighed,Eget køkken med afløb,"Bolig i etageejendom, flerfamiliehus eller to-familiehus",Badeværelse i enheden,137, 1,137,Vandskyllende toilet i enheden,4, 1,-
878," Sundkaj 81, 3. tv 2150 Nordhavn ",4995000.0,2017-07-02, Handelstype Alm. frit salg,https://www.boliga.dk//salg/info/101/34145/E7AB17A9-7102-4B7D-A8C6-DDF2B3A54EC7,https://www.boliga.dk//bbrinfo/e7ab17a9-7102-4b7d-a8c6-ddf2b3a54ec7,"(55.71000257, 12.59811116)","Sundkaj 81, 1. th, 2150 Nordhavn",0101,Egentlig beboelseslejlighed,Eget køkken med afløb,"Bolig i etageejendom, flerfamiliehus eller to-familiehus",Badeværelse i enheden,97, 1,97,Vandskyllende toilet i enheden,4, 1,-
879," Göteborg Plads 8, 1. th 2150 Nordhavn ",2100000.0,2017-07-01, Handelstype Familieoverdragelse,https://www.boliga.dk//salg/info/101/17626/A16F5657-BE79-4148-B00D-19CE2225FAEB,https://www.boliga.dk//bbrinfo/a16f5657-be79-4148-b00d-19ce2225faeb,"(55.70695451, 12.59774378)","Göteborg Plads 8, 4., 2150 Nordhavn",0101,Egentlig beboelseslejlighed,Eget køkken med afløb,"Bolig i etageejendom, flerfamiliehus eller to-familiehus",Badeværelse i enheden,78, 1,78,Vandskyllende toilet i enheden,2, 1,400 V el fra værk
880," Göteborg Plads 8, 1. th 2150 Nordhavn ",2250000.0,2013-05-01, Handelstype Alm. frit salg,https://www.boliga.dk//salg/info/101/17626/A16F5657-BE79-4148-B00D-19CE2225FAEB,https://www.boliga.dk//bbrinfo/a16f5657-be79-4148-b00d-19ce2225faeb,"(55.70695451, 12.59774378)","Göteborg Plads 8, 4., 2150 Nordhavn",0101,Egentlig beboelseslejlighed,Eget køkken med afløb,"Bolig i etageejendom, flerfamiliehus eller to-familiehus",Badeværelse i enheden,78, 1,78,Vandskyllende toilet i enheden,2, 1,400 V el fra værk
881," Sundkaj 87, 3. th 2150 Nordhavn ",5495000.0,2017-03-01, Handelstype Alm. frit salg,https://www.boliga.dk//salg/info/101/34118/4FF6F226-BD27-4146-895F-D0BAEFFFAD11,https://www.boliga.dk//bbrinfo/4ff6f226-bd27-4146-895f-d0baefffad11,"(55.7097076, 12.59801986)","Sundkaj 87, 1. th, 2150 Nordhavn",0101,Egentlig beboelseslejlighed,Eget køkken med afløb,"Bolig i etageejendom, flerfamiliehus eller to-familiehus",Badeværelse i enheden,110, 1,110,Vandskyllende toilet i enheden,4, 1,-
882," Sankt Petersborg Plads 4, 3. th 2150 Nordhavn ",2450000.0,2017-02-01, Handelstype Familieoverdragelse,https://www.boliga.dk//salg/info/101/17557/2042317E-A7AD-431D-A6D4-AD180768CEEC,https://www.boliga.dk//bbrinfo/2042317e-a7ad-431d-a6d4-ad180768ceec,"(55.70721925, 12.59831326)","Sankt Petersborg Plads 4, 2150 Nordhavn",0101,Egentlig beboelseslejlighed,Eget køkken med afløb,"Bolig i etageejendom, flerfamiliehus eller to-familiehus",Badeværelse i enheden,70, 1,70,Vandskyllende toilet i enheden,2, 1,400 V el fra værk
883," Sankt Petersborg Plads 4, 3. th 2150 Nordhavn ",3200000.0,2016-03-02, Handelstype Alm. frit salg,https://www.boliga.dk//salg/info/101/17557/2042317E-A7AD-431D-A6D4-AD180768CEEC,https://www.boliga.dk//bbrinfo/2042317e-a7ad-431d-a6d4-ad180768ceec,"(55.70721925, 12.59831326)","Sankt Petersborg Plads 4, 2150 Nordhavn",0101,Egentlig beboelseslejlighed,Eget køkken med afløb,"Bolig i etageejendom, flerfamiliehus eller to-familiehus",Badeværelse i enheden,70, 1,70,Vandskyllende toilet i enheden,2, 1,400 V el fra værk
884," Sankt Petersborg Plads 4, 3. th 2150 Nordhavn ",2205750.0,2016-07-02, Handelstype Familieoverdragelse,https://www.boliga.dk//salg/info/101/17557/2042317E-A7AD-431D-A6D4-AD180768CEEC,https://www.boliga.dk//bbrinfo/2042317e-a7ad-431d-a6d4-ad180768ceec,"(55.70721925, 12.59831326)","Sankt Petersborg Plads 4, 2150 Nordhavn",0101,Egentlig beboelseslejlighed,Eget køkken med afløb,"Bolig i etageejendom, flerfamiliehus eller to-familiehus",Badeværelse i enheden,70, 1,70,Vandskyllende toilet i enheden,2, 1,400 V el fra værk
885," Sankt Petersborg Plads 4, 3. th 2150 Nordhavn ",2595000.0,2014-04-01, Handelstype Alm. frit salg,https://www.boliga.dk//salg/info/101/17557/2042317E-A7AD-431D-A6D4-AD180768CEEC,https://www.boliga.dk//bbrinfo/2042317e-a7ad-431d-a6d4-ad180768ceec,"(55.70721925, 12.59831326)","Sankt Petersborg Plads 4, 2150 Nordhavn",0101,Egentlig beboelseslejlighed,Eget køkken med afløb,"Bolig i etageejendom, flerfamiliehus eller to-familiehus",Badeværelse i enheden,70, 1,70,Vandskyllende toilet i enheden,2, 1,400 V el fra værk
886," Sundkaj 41, 3. th 2150 Nordhavn ",3750000.0,2017-12-06, Handelstype Alm. frit salg,https://www.boliga.dk//salg/info/101/27146/40F52394-8FA4-4838-946A-FDE7499706B5,https://www.boliga.dk//bbrinfo/40f52394-8fa4-4838-946a-fde7499706b5,"(55.71004763, 12.59665472)","Sundkaj 41, 4., 2150 Nordhavn",0101,Egentlig beboelseslejlighed,Eget køkken med afløb,"Bolig i etageejendom, flerfamiliehus eller to-familiehus",Badeværelse i enheden,70, 1,70,Vandskyllende toilet i enheden,2, 1,400 V el fra værk
887," Sundkaj 41, 3. th 2150 Nordhavn ",3035696.0,2015-02-02, Handelstype Alm. frit salg,https://www.boliga.dk//salg/info/101/27146/40F52394-8FA4-4838-946A-FDE7499706B5,https://www.boliga.dk//bbrinfo/40f52394-8fa4-4838-946a-fde7499706b5,"(55.71004763, 12.59665472)","Sundkaj 41, 4., 2150 Nordhavn",0101,Egentlig beboelseslejlighed,Eget køkken med afløb,"Bolig i etageejendom, flerfamiliehus eller to-familiehus",Badeværelse i enheden,70, 1,70,Vandskyllende toilet i enheden,2, 1,400 V el fra værk
888," Helsinkigade 20, 4. 4 2150 Nordhavn ",7650000.0,2017-12-04, Handelstype Alm. frit salg,https://www.boliga.dk//salg/info/101/21620/0698576D-73E7-4372-943A-546A0F84DA82,https://www.boliga.dk//bbrinfo/0698576d-73e7-4372-943a-546a0f84da82,"(55.70792825, 12.59733266)","Helsinkigade 20, 10., 2150 Nordhavn",0101,Egentlig beboelseslejlighed,Eget køkken med afløb,"Bolig i etageejendom, flerfamiliehus eller to-familiehus",Badeværelse i enheden,151, 2,151,Vandskyllende toilet i enheden,4, 2,-
889," Helsinkigade 20, 4. 4 2150 Nordhavn ",6679186.0,2016-03-01, Handelstype Alm. frit salg,https://www.boliga.dk//salg/info/101/21620/0698576D-73E7-4372-943A-546A0F84DA82,https://www.boliga.dk//bbrinfo/0698576d-73e7-4372-943a-546a0f84da82,"(55.70792825, 12.59733266)","Helsinkigade 20, 10., 2150 Nordhavn",0101,Egentlig beboelseslejlighed,Eget køkken med afløb,"Bolig i etageejendom, flerfamiliehus eller to-familiehus",Badeværelse i enheden,151, 2,151,Vandskyllende toilet i enheden,4, 2,-
890," Sundkaj 67, 1. tv 2150 Nordhavn ",6195000.0,2017-12-04, Handelstype Alm. frit salg,https://www.boliga.dk//salg/info/101/27129/3CFC2414-130B-45FB-8035-F0594E495CD5,https://www.boliga.dk//bbrinfo/3cfc2414-130b-45fb-8035-f0594e495cd5,"(55.70992515, 12.5969924)","Sundkaj 67, 5., 2150 Nordhavn",0101,Egentlig beboelseslejlighed,Eget køkken med afløb,"Bolig i etageejendom, flerfamiliehus eller to-familiehus",Badeværelse i enheden,120, 2,120,Vandskyllende toilet i enheden,4, 2,400 V el fra værk
891," Sundkaj 83, st. tv 2150 Nordhavn ",2995000.0,2017-09-02, Handelstype Alm. frit salg,https://www.boliga.dk//salg/info/101/34149/5F0CB217-C1E8-4CCD-B9BC-A351AE357E49,https://www.boliga.dk//bbrinfo/5f0cb217-c1e8-4ccd-b9bc-a351ae357e49,"(55.71002934, 12.59843335)","Sundkaj 83, 1. th, 2150 Nordhavn",0101,Egentlig beboelseslejlighed,Eget køkken med afløb,"Bolig i etageejendom, flerfamiliehus eller to-familiehus",Badeværelse i enheden,67, 1,67,Vandskyllende toilet i enheden,2, 1,-
892," Sundkaj 87, 2. th 2150 Nordhavn ",5395000.0,2017-11-20, Handelstype Alm. frit salg,https://www.boliga.dk//salg/info/101/34116/5399516E-9967-4529-8CE5-9FD0C7C639E6,https://www.boliga.dk//bbrinfo/5399516e-9967-4529-8ce5-9fd0c7c639e6,"(55.7097076, 12.59801986)","Sundkaj 87, 1. th, 2150 Nordhavn",0101,Egentlig beboelseslejlighed,Eget køkken med afløb,"Bolig i etageejendom, flerfamiliehus eller to-familiehus",Badeværelse i enheden,110, 1,110,Vandskyllende toilet i enheden,4, 1,-
893," Trelleborggade 15, 2. 3 2150 Nordhavn ",3695000.0,2017-11-20, Handelstype Alm. frit salg,https://www.boliga.dk//salg/info/101/39332/78277703-CB58-4E7C-9146-1B9F0E9970E3,https://www.boliga.dk//bbrinfo/78277703-cb58-4e7c-9146-1b9f0e9970e3,"(55.70686603, 12.59442831)","Trelleborggade 15, 2150 Nordhavn",0101,Egentlig beboelseslejlighed,Eget køkken med afløb,"Bolig i etageejendom, flerfamiliehus eller to-familiehus",Badeværelse i enheden,82, 1,82,Vandskyllende toilet i enheden,2, 1,-
894," Sundkaj 43, 4 2150 Nordhavn ",5195000.0,2017-11-20, Handelstype Alm. frit salg,https://www.boliga.dk//salg/info/101/27159/53EB1AEC-709E-4A4F-939D-F0F3714CE4E6,https://www.boliga.dk//bbrinfo/53eb1aec-709e-4a4f-939d-f0f3714ce4e6,"(55.71013056, 12.59669993)","Sundkaj 43, 4., 2150 Nordhavn",0101,Egentlig beboelseslejlighed,Eget køkken med afløb,"Bolig i etageejendom, flerfamiliehus eller to-familiehus",Badeværelse i enheden,88, 1,88,Vandskyllende toilet i enheden,3, 1,400 V el fra værk
895," Trelleborggade 15, 2. 6 2150 Nordhavn ",3505017.0,2017-07-01, Handelstype Alm. frit salg,https://www.boliga.dk//salg/info/101/39336/78B76B3E-9708-44FD-97BB-6FDC82769D81,https://www.boliga.dk//bbrinfo/78b76b3e-9708-44fd-97bb-6fdc82769d81,"(55.70686603, 12.59442831)","Trelleborggade 15, 2150 Nordhavn",0101,Egentlig beboelseslejlighed,Eget køkken med afløb,"Bolig i etageejendom, flerfamiliehus eller to-familiehus",Badeværelse i enheden,73, 1,73,Vandskyllende toilet i enheden,2, 1,-
896," Trelleborggade 7, 3. tv 2150 Nordhavn ",460651.0,2017-04-01, Handelstype Alm. frit salg,https://www.boliga.dk//salg/info/101/25494/60226049-2DC9-47FC-9A66-9E8BA66BE6A2,https://www.boliga.dk//bbrinfo/60226049-2dc9-47fc-9a66-9e8ba66be6a2,"(55.70670181, 12.59276577)","Trelleborggade 7, 2150 Nordhavn",0101,Egentlig beboelseslejlighed,Eget køkken med afløb,"Bolig i etageejendom, flerfamiliehus eller to-familiehus",Badeværelse i enheden,107, 2,107,Vandskyllende toilet i enheden,3, 2,-
897," Trelleborggade 7, 4. th 2150 Nordhavn ",51199.0,2017-04-01, Handelstype Alm. frit salg,https://www.boliga.dk//salg/info/101/25495/D563A5C3-DEE1-4632-8315-DD1675D2077E,https://www.boliga.dk//bbrinfo/d563a5c3-dee1-4632-8315-dd1675d2077e,"(55.70670181, 12.59276577)","Trelleborggade 7, 2150 Nordhavn",0101,Egentlig beboelseslejlighed,Eget køkken med afløb,"Bolig i etageejendom, flerfamiliehus eller to-familiehus",Badeværelse i enheden,79, 1,79,Vandskyllende toilet i enheden,2, 1,-
898," Trelleborggade 7, 3. th 2150 Nordhavn ",51199.0,2017-04-01, Handelstype Alm. frit salg,https://www.boliga.dk//salg/info/101/25493/86785A7D-2704-4108-855E-69570F2EB5F2,https://www.boliga.dk//bbrinfo/86785a7d-2704-4108-855e-69570f2eb5f2,"(55.70670181, 12.59276577)","Trelleborggade 7, 2150 Nordhavn",0101,Egentlig beboelseslejlighed,Eget køkken med afløb,"Bolig i etageejendom, flerfamiliehus eller to-familiehus",Badeværelse i enheden,79, 1,79,Vandskyllende toilet i enheden,2, 1,-
899," Trelleborggade 7, 2. tv 2150 Nordhavn ",130096.0,2017-04-01, Handelstype Alm. frit salg,https://www.boliga.dk//salg/info/101/25492/2E032AE0-81D7-42F3-BB71-2C8849EF6D74,https://www.boliga.dk//bbrinfo/2e032ae0-81d7-42f3-bb71-2c8849ef6d74,"(55.70670181, 12.59276577)","Trelleborggade 7, 2150 Nordhavn",0101,Egentlig beboelseslejlighed,Eget køkken med afløb,"Bolig i etageejendom, flerfamiliehus eller to-familiehus",Badeværelse i enheden,107, 2,107,Vandskyllende toilet i enheden,3, 2,-
900," Trelleborggade 7, 4. tv 2150 Nordhavn ",460651.0,2017-04-01, Handelstype Alm. frit salg,https://www.boliga.dk//salg/info/101/25496/3CAECCE5-643D-47C1-A5DD-A1710178BE18,https://www.boliga.dk//bbrinfo/3caecce5-643d-47c1-a5dd-a1710178be18,"(55.70670181, 12.59276577)","Trelleborggade 7, 2150 Nordhavn",0101,Egentlig beboelseslejlighed,Eget køkken med afløb,"Bolig i etageejendom, flerfamiliehus eller to-familiehus",Badeværelse i enheden,107, 2,107,Vandskyllende toilet i enheden,3, 2,-
901," Trelleborggade 7, 2. th 2150 Nordhavn ",130096.0,2017-04-01, Handelstype Alm. frit salg,https://www.boliga.dk//salg/info/101/25492/42DF23CB-6AB4-46C7-B15D-490CC0843333,https://www.boliga.dk//bbrinfo/42df23cb-6ab4-46c7-b15d-490cc0843333,"(55.70670181, 12.59276577)","Trelleborggade 7, 2150 Nordhavn",0101,Egentlig beboelseslejlighed,Eget køkken med afløb,"Bolig i etageejendom, flerfamiliehus eller to-familiehus",Badeværelse i enheden,78, 1,78,Vandskyllende toilet i enheden,2, 1,-
902," Sundkaj 87, 4. th 2150 Nordhavn ",5595000.0,2017-03-01, Handelstype Alm. frit salg,https://www.boliga.dk//salg/info/101/34121/E28611E7-9AE7-40CB-B674-6F6D188AA432,https://www.boliga.dk//bbrinfo/e28611e7-9ae7-40cb-b674-6f6d188aa432,"(55.7097076, 12.59801986)","Sundkaj 87, 1. th, 2150 Nordhavn",0101,Egentlig beboelseslejlighed,Eget køkken med afløb,"Bolig i etageejendom, flerfamiliehus eller to-familiehus",Badeværelse i enheden,110, 1,110,Vandskyllende toilet i enheden,4, 1,-
903," Trelleborggade 15, 3. 6 2150 Nordhavn ",3733622.0,2017-11-10, Handelstype Alm. frit salg,https://www.boliga.dk//salg/info/101/39344/CBD92460-3654-4E6D-AF85-1779C71E77C0,https://www.boliga.dk//bbrinfo/cbd92460-3654-4e6d-af85-1779c71e77c0,"(55.70686603, 12.59442831)","Trelleborggade 15, 2150 Nordhavn",0101,Egentlig beboelseslejlighed,Eget køkken med afløb,"Bolig i etageejendom, flerfamiliehus eller to-familiehus",Badeværelse i enheden,74, 1,74,Vandskyllende toilet i enheden,2, 1,-
904," Sundkaj 75, 1. tv 2150 Nordhavn ",4295000.0,2017-11-09, Handelstype Alm. frit salg,https://www.boliga.dk//salg/info/101/27083/7F1281CB-F001-4535-A60D-586B590931B2,https://www.boliga.dk//bbrinfo/7f1281cb-f001-4535-a60d-586b590931b2,"(55.71005876, 12.59775928)","Sundkaj 75, 4., 2150 Nordhavn",0101,Egentlig beboelseslejlighed,Eget køkken med afløb,"Bolig i etageejendom, flerfamiliehus eller to-familiehus",Badeværelse i enheden,90, 1,90,Vandskyllende toilet i enheden,3, 1,400 V el fra værk
905," Trelleborggade 15, 5. 3 2150 Nordhavn ",5957942.0,2017-11-07, Handelstype Alm. frit salg,https://www.boliga.dk//salg/info/101/39351/9570DBB4-19D9-4BA8-81ED-FE995DFBB672,https://www.boliga.dk//bbrinfo/9570dbb4-19d9-4ba8-81ed-fe995dfbb672,"(55.70686603, 12.59442831)","Trelleborggade 15, 2150 Nordhavn",0101,Egentlig beboelseslejlighed,Eget køkken med afløb,"Bolig i etageejendom, flerfamiliehus eller to-familiehus",Badeværelse i enheden,99, 1,99,Vandskyllende toilet i enheden,4, 1,-
906," Sundkaj 83, 1. tv 2150 Nordhavn ",4895000.0,2017-11-07, Handelstype Alm. frit salg,https://www.boliga.dk//salg/info/101/34150/78EC54DB-DCBA-40CE-902F-5B1D31021F68,https://www.boliga.dk//bbrinfo/78ec54db-dcba-40ce-902f-5b1d31021f68,"(55.71002934, 12.59843335)","Sundkaj 83, 1. th, 2150 Nordhavn",0101,Egentlig beboelseslejlighed,Eget køkken med afløb,"Bolig i etageejendom, flerfamiliehus eller to-familiehus",Badeværelse i enheden,113, 1,113,Vandskyllende toilet i enheden,4, 1,-
907," Sandkaj 37, 1. tv 2150 Nordhavn ",7000000.0,2017-11-06, Handelstype Alm. frit salg,https://www.boliga.dk//salg/info/101/17597/21D2DF00-7B88-4ECF-A274-82DFC357C959,https://www.boliga.dk//bbrinfo/21d2df00-7b88-4ecf-a274-82dfc357c959,"(55.70678507, 12.59818652)","Sandkaj 37, 2150 Nordhavn",0101,Egentlig beboelseslejlighed,Eget køkken med afløb,"Bolig i etageejendom, flerfamiliehus eller to-familiehus",Badeværelse i enheden,108, 1,108,Vandskyllende toilet i enheden,3, 1,400 V el fra værk
908," Sandkaj 37, 1. tv 2150 Nordhavn ",5795000.0,2015-06-01, Handelstype Alm. frit salg,https://www.boliga.dk//salg/info/101/17597/21D2DF00-7B88-4ECF-A274-82DFC357C959,https://www.boliga.dk//bbrinfo/21d2df00-7b88-4ecf-a274-82dfc357c959,"(55.70678507, 12.59818652)","Sandkaj 37, 2150 Nordhavn",0101,Egentlig beboelseslejlighed,Eget køkken med afløb,"Bolig i etageejendom, flerfamiliehus eller to-familiehus",Badeværelse i enheden,108, 1,108,Vandskyllende toilet i enheden,3, 1,400 V el fra værk
909," Fortkaj 30, 11. tv 2150 Nordhavn ",13750000.0,2017-11-06, Handelstype Alm. frit salg,https://www.boliga.dk//salg/info/101/23291/3FCEE5E9-D118-4D00-B9D5-745B10F5E593,https://www.boliga.dk//bbrinfo/3fcee5e9-d118-4d00-b9d5-745b10f5e593,"(55.70839574, 12.59807131)","Fortkaj 30, 2150 Nordhavn",0101,Egentlig beboelseslejlighed,Eget køkken med afløb,"Bolig i etageejendom, flerfamiliehus eller to-familiehus",Badeværelse i enheden,217, 1,217,Vandskyllende toilet i enheden,2, 2,400 V el fra værk
910," Fortkaj 30, 11. tv 2150 Nordhavn ",13007823.0,2017-07-06, Handelstype Alm. frit salg,https://www.boliga.dk//salg/info/101/23291/3FCEE5E9-D118-4D00-B9D5-745B10F5E593,https://www.boliga.dk//bbrinfo/3fcee5e9-d118-4d00-b9d5-745b10f5e593,"(55.70839574, 12.59807131)","Fortkaj 30, 2150 Nordhavn",0101,Egentlig beboelseslejlighed,Eget køkken med afløb,"Bolig i etageejendom, flerfamiliehus eller to-familiehus",Badeværelse i enheden,217, 1,217,Vandskyllende toilet i enheden,2, 2,400 V el fra værk
911," Sundkaj 93, 4. tv 2150 Nordhavn ",7795000.0,2017-10-30, Handelstype Alm. frit salg,https://www.boliga.dk//salg/info/101/34078/E140F782-3740-4FBB-8287-9E49A14815A4,https://www.boliga.dk//bbrinfo/e140f782-3740-4fbb-8287-9e49a14815a4,"(55.7097779, 12.59860564)","Sundkaj 93, 1. th, 2150 Nordhavn",0101,Egentlig beboelseslejlighed,Eget køkken med afløb,"Bolig i etageejendom, flerfamiliehus eller to-familiehus",Badeværelse i enheden,123, 1,123,Vandskyllende toilet i enheden,3, 1,-
912," Sundkaj 87, 5. th 2150 Nordhavn ",9295000.0,2017-10-30, Handelstype Alm. frit salg,https://www.boliga.dk//salg/info/101/34123/953EFA1A-E7B4-409C-A0A5-475B2F3FDA82,https://www.boliga.dk//bbrinfo/953efa1a-e7b4-409c-a0a5-475b2f3fda82,"(55.7097076, 12.59801986)","Sundkaj 87, 1. th, 2150 Nordhavn",0101,Egentlig beboelseslejlighed,Eget køkken med afløb,"Bolig i etageejendom, flerfamiliehus eller to-familiehus",Badeværelse i enheden,136, 1,136,Vandskyllende toilet i enheden,5, 1,-
913," Trelleborggade 14, 5 2150 Nordhavn ",5995000.0,2017-04-02, Handelstype Alm. frit salg,https://www.boliga.dk//salg/info/101/21409/7E9DE014-CD7D-404D-AF61-632009F0D890,https://www.boliga.dk//bbrinfo/7e9de014-cd7d-404d-af61-632009f0d890,"(55.70661575, 12.59357322)","Trelleborggade 14, 5., 2150 Nordhavn",0101,Egentlig beboelseslejlighed,Eget køkken med afløb,"Bolig i etageejendom, flerfamiliehus eller to-familiehus",Badeværelse i enheden,109, 1,109,Vandskyllende toilet i enheden,3, 1,-
914," Helsinkigade 20, 2. 1 2150 Nordhavn ",3600000.0,2017-03-02, Handelstype Alm. frit salg,https://www.boliga.dk//salg/info/101/21609/79532DDB-7366-4733-AF8E-4B300E72650D,https://www.boliga.dk//bbrinfo/79532ddb-7366-4733-af8e-4b300e72650d,"(55.70792825, 12.59733266)","Helsinkigade 20, 10., 2150 Nordhavn",0101,Egentlig beboelseslejlighed,Eget køkken med afløb,"Bolig i etageejendom, flerfamiliehus eller to-familiehus",Badeværelse i enheden,69, 1,69,Vandskyllende toilet i enheden,2, 1,-
915," Helsinkigade 20, 2. 1 2150 Nordhavn ",2495469.0,2014-06-02, Handelstype Alm. frit salg,https://www.boliga.dk//salg/info/101/21609/79532DDB-7366-4733-AF8E-4B300E72650D,https://www.boliga.dk//bbrinfo/79532ddb-7366-4733-af8e-4b300e72650d,"(55.70792825, 12.59733266)","Helsinkigade 20, 10., 2150 Nordhavn",0101,Egentlig beboelseslejlighed,Eget køkken med afløb,"Bolig i etageejendom, flerfamiliehus eller to-familiehus",Badeværelse i enheden,69, 1,69,Vandskyllende toilet i enheden,2, 1,-
916," Sundkaj 11, 2. tv 2150 Nordhavn ",4489904.0,2017-03-02, Handelstype Alm. frit salg,https://www.boliga.dk//salg/info/101/33617/5B46C77B-C6A6-4384-B0C3-E15FE542773D,https://www.boliga.dk//bbrinfo/5b46c77b-c6a6-4384-b0c3-e15fe542773d,"(55.71066469, 12.59508637)","Sundkaj 11, 1. mf, 2150 Nordhavn",0101,Egentlig beboelseslejlighed,Eget køkken med afløb,"Bolig i etageejendom, flerfamiliehus eller to-familiehus",Badeværelse i enheden,71, 1,71,Vandskyllende toilet i enheden,2, 1,-
917," Sundkaj 93, 3. th 2150 Nordhavn ",4995000.0,2017-03-02, Handelstype Alm. frit salg,https://www.boliga.dk//salg/info/101/34077/9AF87D61-1C74-4233-8026-919CD954F41E,https://www.boliga.dk//bbrinfo/9af87d61-1c74-4233-8026-919cd954f41e,"(55.7097779, 12.59860564)","Sundkaj 93, 1. th, 2150 Nordhavn",0101,Egentlig beboelseslejlighed,Eget køkken med afløb,"Bolig i etageejendom, flerfamiliehus eller to-familiehus",Badeværelse i enheden,98, 1,98,Vandskyllende toilet i enheden,4, 1,-
918," Sundkaj 81, st. tv 2150 Nordhavn ",4295000.0,2017-09-01, Handelstype Alm. frit salg,https://www.boliga.dk//salg/info/101/34138/1BB3F644-D75A-4C5E-AE31-017EB9C18A9E,https://www.boliga.dk//bbrinfo/1bb3f644-d75a-4c5e-ae31-017eb9c18a9e,"(55.71000257, 12.59811116)","Sundkaj 81, 1. th, 2150 Nordhavn",0101,Egentlig beboelseslejlighed,Eget køkken med afløb,"Bolig i etageejendom, flerfamiliehus eller to-familiehus",Badeværelse i enheden,100, 1,100,Vandskyllende toilet i enheden,4, 1,-
919," Trelleborggade 15, 3. 1 2150 Nordhavn ",5027346.0,2017-07-01, Handelstype Alm. frit salg,https://www.boliga.dk//salg/info/101/39342/4020AE86-54A8-4F97-BC45-B530CD1051FB,https://www.boliga.dk//bbrinfo/4020ae86-54a8-4f97-bc45-b530cd1051fb,"(55.70686603, 12.59442831)","Trelleborggade 15, 2150 Nordhavn",0101,Egentlig beboelseslejlighed,Eget køkken med afløb,"Bolig i etageejendom, flerfamiliehus eller to-familiehus",Badeværelse i enheden,108, 1,108,Vandskyllende toilet i enheden,3, 1,-
920," Sundkaj 75, 4 2150 Nordhavn ",5195000.0,2017-06-01, Handelstype Alm. frit salg,https://www.boliga.dk//salg/info/101/27089/DD0D40DE-D8A4-4716-9DFB-13A54B1A5CB6,https://www.boliga.dk//bbrinfo/dd0d40de-d8a4-4716-9dfb-13a54b1a5cb6,"(55.71005876, 12.59775928)","Sundkaj 75, 4., 2150 Nordhavn",0101,Egentlig beboelseslejlighed,Eget køkken med afløb,"Bolig i etageejendom, flerfamiliehus eller to-familiehus",Badeværelse i enheden,84, 1,84,Vandskyllende toilet i enheden,3, 1,400 V el fra værk
921," Sundkaj 89, 5. tv 2150 Nordhavn ",9495000.0,2017-06-01, Handelstype Alm. frit salg,https://www.boliga.dk//salg/info/101/34111/BC794A33-E76B-4C88-9730-06CB8D6DE782,https://www.boliga.dk//bbrinfo/bc794a33-e76b-4c88-9730-06cb8d6de782,"(55.70966823, 12.598245)","Sundkaj 89, 1. th, 2150 Nordhavn",0101,Egentlig beboelseslejlighed,Eget køkken med afløb,"Bolig i etageejendom, flerfamiliehus eller to-familiehus",Badeværelse i enheden,137, 1,137,Vandskyllende toilet i enheden,4, 1,-
922," Sundkaj 89, 5. th 2150 Nordhavn ",8495000.0,2017-06-01, Handelstype Alm. frit salg,https://www.boliga.dk//salg/info/101/34110/68DA3A9F-4FF4-407C-8DBC-A90A29387B10,https://www.boliga.dk//bbrinfo/68da3a9f-4ff4-407c-8dbc-a90a29387b10,"(55.70966823, 12.598245)","Sundkaj 89, 1. th, 2150 Nordhavn",0101,Egentlig beboelseslejlighed,Eget køkken med afløb,"Bolig i etageejendom, flerfamiliehus eller to-familiehus",Badeværelse i enheden,129, 1,129,Vandskyllende toilet i enheden,4, 1,-
923," Sundkaj 87, st. tv 2150 Nordhavn ",5195000.0,2017-03-01, Handelstype Alm. frit salg,https://www.boliga.dk//salg/info/101/34113/791ADF6F-EC42-4E16-AB5D-A36DD157B631,https://www.boliga.dk//bbrinfo/791adf6f-ec42-4e16-ab5d-a36dd157b631,"(55.7097076, 12.59801986)","Sundkaj 87, 1. th, 2150 Nordhavn",0101,Egentlig beboelseslejlighed,Eget køkken med afløb,"Bolig i etageejendom, flerfamiliehus eller to-familiehus",Badeværelse i enheden,105, 1,105,Vandskyllende toilet i enheden,4, 1,-
924," Sundkaj 89, st. th 2150 Nordhavn ",3495000.0,2017-10-09, Handelstype Alm. frit salg,https://www.boliga.dk//salg/info/101/34099/5C2050DD-0A7A-4B4F-9715-DCCD5696E44A,https://www.boliga.dk//bbrinfo/5c2050dd-0a7a-4b4f-9715-dccd5696e44a,"(55.70966823, 12.598245)","Sundkaj 89, 1. th, 2150 Nordhavn",0101,Egentlig beboelseslejlighed,Eget køkken med afløb,"Bolig i etageejendom, flerfamiliehus eller to-familiehus",Badeværelse i enheden,72, 1,72,Vandskyllende toilet i enheden,3, 1,-
925," Sundkaj 87, 1. tv 2150 Nordhavn ",4895000.0,2017-10-02, Handelstype Alm. frit salg,https://www.boliga.dk//salg/info/101/34115/77591DE1-12E2-424B-8DA4-28BE12367374,https://www.boliga.dk//bbrinfo/77591de1-12e2-424b-8da4-28be12367374,"(55.7097076, 12.59801986)","Sundkaj 87, 1. th, 2150 Nordhavn",0101,Egentlig beboelseslejlighed,Eget køkken med afløb,"Bolig i etageejendom, flerfamiliehus eller to-familiehus",Badeværelse i enheden,96, 1,96,Vandskyllende toilet i enheden,4, 1,-
926," Sundkaj 11, 2. th 2150 Nordhavn ",4436921.0,2017-09-02, Handelstype Alm. frit salg,https://www.boliga.dk//salg/info/101/33619/D65DA92D-FA85-48D3-991C-ABF158269DBB,https://www.boliga.dk//bbrinfo/d65da92d-fa85-48d3-991c-abf158269dbb,"(55.71066469, 12.59508637)","Sundkaj 11, 1. mf, 2150 Nordhavn",0101,Egentlig beboelseslejlighed,Eget køkken med afløb,"Bolig i etageejendom, flerfamiliehus eller to-familiehus",Badeværelse i enheden,73, 1,73,Vandskyllende toilet i enheden,2, 1,-
927," Sundkaj 11, 2. mf 2150 Nordhavn ",3104650.0,2017-07-02, Handelstype Alm. frit salg,https://www.boliga.dk//salg/info/101/33618/F7EF29FC-D0C7-435C-AF69-38168837DB6D,https://www.boliga.dk//bbrinfo/f7ef29fc-d0c7-435c-af69-38168837db6d,"(55.71066469, 12.59508637)","Sundkaj 11, 1. mf, 2150 Nordhavn",0101,Egentlig beboelseslejlighed,Eget køkken med afløb,"Bolig i etageejendom, flerfamiliehus eller to-familiehus",Badeværelse i enheden,51, 1,51,Vandskyllende toilet i enheden,2, 1,-
928," Sundkaj 87, 4. tv 2150 Nordhavn ",5195000.0,2017-05-02, Handelstype Alm. frit salg,https://www.boliga.dk//salg/info/101/34122/835158C7-AD18-435E-A37F-F1819599E0C0,https://www.boliga.dk//bbrinfo/835158c7-ad18-435e-a37f-f1819599e0c0,"(55.7097076, 12.59801986)","Sundkaj 87, 1. th, 2150 Nordhavn",0101,Egentlig beboelseslejlighed,Eget køkken med afløb,"Bolig i etageejendom, flerfamiliehus eller to-familiehus",Badeværelse i enheden,96, 1,96,Vandskyllende toilet i enheden,4, 1,-
929," Sundkaj 85, 1. th 2150 Nordhavn ",3295000.0,2017-05-02, Handelstype Alm. frit salg,https://www.boliga.dk//salg/info/101/34158/1CB2FA65-DE70-4F6C-8024-17EE01DB8E4D,https://www.boliga.dk//bbrinfo/1cb2fa65-de70-4f6c-8024-17ee01db8e4d,"(55.70997625, 12.59869483)","Sundkaj 85, 1. mf, 2150 Nordhavn",0101,Egentlig beboelseslejlighed,Eget køkken med afløb,"Bolig i etageejendom, flerfamiliehus eller to-familiehus",Badeværelse i enheden,70, 1,70,Vandskyllende toilet i enheden,2, 1,-
930," Sundkaj 89, 1. th 2150 Nordhavn ",4895000.0,2017-05-02, Handelstype Alm. frit salg,https://www.boliga.dk//salg/info/101/34102/042C6EB7-5E7C-4D4F-9993-B825CA86856D,https://www.boliga.dk//bbrinfo/042c6eb7-5e7c-4d4f-9993-b825ca86856d,"(55.70966823, 12.598245)","Sundkaj 89, 1. th, 2150 Nordhavn",0101,Egentlig beboelseslejlighed,Eget køkken med afløb,"Bolig i etageejendom, flerfamiliehus eller to-familiehus",Badeværelse i enheden,92, 1,92,Vandskyllende toilet i enheden,4, 1,-
931," Sundkaj 89, 3. th 2150 Nordhavn ",5095000.0,2017-09-01, Handelstype Alm. frit salg,https://www.boliga.dk//salg/info/101/34106/186BD8EB-0A95-49B7-AAF0-4DD44E597382,https://www.boliga.dk//bbrinfo/186bd8eb-0a95-49b7-aaf0-4dd44e597382,"(55.70966823, 12.598245)","Sundkaj 89, 1. th, 2150 Nordhavn",0101,Egentlig beboelseslejlighed,Eget køkken med afløb,"Bolig i etageejendom, flerfamiliehus eller to-familiehus",Badeværelse i enheden,92, 1,92,Vandskyllende toilet i enheden,4, 1,-
932, Sundkaj 17 2150 Nordhavn ,8909642.0,2017-01-01, Handelstype Alm. frit salg,https://www.boliga.dk//salg/info/101/33622/50850591-A90A-4D9B-B861-22C645926C69,https://www.boliga.dk//bbrinfo/50850591-a90a-4d9b-b861-22c645926c69,"(55.71065691, 12.59542838)","Sundkaj 17, 2150 Nordhavn",0101,Egentlig beboelseslejlighed,Eget køkken med afløb,"Række-, kæde- og klyngehus",Badeværelse i enheden,146, 2,146,Vandskyllende toilet i enheden,5, 3,-
933," Sundkaj 91, 3. th 2150 Nordhavn ",4795000.0,2017-09-07, Handelstype Alm. frit salg,https://www.boliga.dk//salg/info/101/34090/406B8338-C1A8-454B-B189-AD8EFF2D73E2,https://www.boliga.dk//bbrinfo/406b8338-c1a8-454b-b189-ad8eff2d73e2,"(55.70966782, 12.5985478)","Sundkaj 91, 1. mf, 2150 Nordhavn",0101,Egentlig beboelseslejlighed,Eget køkken med afløb,"Bolig i etageejendom, flerfamiliehus eller to-familiehus",Badeværelse i enheden,86, 1,86,Vandskyllende toilet i enheden,2, 1,-
934," Sundkaj 91, st. th 2150 Nordhavn ",2970000.0,2017-09-05, Handelstype Alm. frit salg,https://www.boliga.dk//salg/info/101/34082/C5159E34-8AF8-4D1F-A9D1-8F5278863ACB,https://www.boliga.dk//bbrinfo/c5159e34-8af8-4d1f-a9d1-8f5278863acb,"(55.70966782, 12.5985478)","Sundkaj 91, 1. mf, 2150 Nordhavn",0101,Egentlig beboelseslejlighed,Eget køkken med afløb,"Bolig i etageejendom, flerfamiliehus eller to-familiehus",Badeværelse i enheden,63, 1,63,Vandskyllende toilet i enheden,2, 1,-
935," Fortkaj 30, 15. tv 2150 Nordhavn ",18800000.0,2017-09-05, Handelstype Alm. frit salg,https://www.boliga.dk//salg/info/101/23295/62AAAC48-7281-47B5-B8DA-8FBF06B7B53E,https://www.boliga.dk//bbrinfo/62aaac48-7281-47b5-b8da-8fbf06b7b53e,"(55.70839574, 12.59807131)","Fortkaj 30, 2150 Nordhavn",0101,Egentlig beboelseslejlighed,Eget køkken med afløb,"Bolig i etageejendom, flerfamiliehus eller to-familiehus",Badeværelse i enheden,253, 1,253,Vandskyllende toilet i enheden,4, 3,400 V el fra værk
936," Trelleborggade 6, 2. th 2150 Nordhavn ",3600000.0,2017-02-02, Handelstype Alm. frit salg,https://www.boliga.dk//salg/info/101/18816/8B662F8D-207C-4331-9F66-69C678D3ADB4,https://www.boliga.dk//bbrinfo/8b662f8d-207c-4331-9f66-69c678d3adb4,"(55.70628248, 12.59224217)","Trelleborggade 6, 4., 2150 Nordhavn",0101,Egentlig beboelseslejlighed,Eget køkken med afløb,"Bolig i etageejendom, flerfamiliehus eller to-familiehus",Badeværelse i enheden,77, 1,77,Vandskyllende toilet i enheden,2, 1,-
937," Trelleborggade 6, 2. th 2150 Nordhavn ",3395000.0,2016-02-02, Handelstype Alm. frit salg,https://www.boliga.dk//salg/info/101/18816/8B662F8D-207C-4331-9F66-69C678D3ADB4,https://www.boliga.dk//bbrinfo/8b662f8d-207c-4331-9f66-69c678d3adb4,"(55.70628248, 12.59224217)","Trelleborggade 6, 4., 2150 Nordhavn",0101,Egentlig beboelseslejlighed,Eget køkken med afløb,"Bolig i etageejendom, flerfamiliehus eller to-familiehus",Badeværelse i enheden,77, 1,77,Vandskyllende toilet i enheden,2, 1,-
938," Helsinkigade 18, 4. 2 2150 Nordhavn ",5000000.0,2017-03-01, Handelstype Alm. frit salg,https://www.boliga.dk//salg/info/101/21575/A9B21EE7-36C4-404B-B860-6426F92C7922,https://www.boliga.dk//bbrinfo/a9b21ee7-36c4-404b-b860-6426f92c7922,"(55.70798351, 12.59704886)","Helsinkigade 18, 2. 2, 2150 Nordhavn",0101,Egentlig beboelseslejlighed,Eget køkken med afløb,"Bolig i etageejendom, flerfamiliehus eller to-familiehus",Badeværelse i enheden,84, 1,84,Vandskyllende toilet i enheden,2, 1,-
939," Helsinkigade 18, 4. 2 2150 Nordhavn ",3276933.0,2014-07-02, Handelstype Alm. frit salg,https://www.boliga.dk//salg/info/101/21575/A9B21EE7-36C4-404B-B860-6426F92C7922,https://www.boliga.dk//bbrinfo/a9b21ee7-36c4-404b-b860-6426f92c7922,"(55.70798351, 12.59704886)","Helsinkigade 18, 2. 2, 2150 Nordhavn",0101,Egentlig beboelseslejlighed,Eget køkken med afløb,"Bolig i etageejendom, flerfamiliehus eller to-familiehus",Badeværelse i enheden,84, 1,84,Vandskyllende toilet i enheden,2, 1,-
940," Sundkaj 67, 3. th 2150 Nordhavn ",6795000.0,2017-08-10, Handelstype Alm. frit salg,https://www.boliga.dk//salg/info/101/27134/722F4817-3713-4DEB-ADB4-B37FCFF629E6,https://www.boliga.dk//bbrinfo/722f4817-3713-4deb-adb4-b37fcff629e6,"(55.70992515, 12.5969924)","Sundkaj 67, 5., 2150 Nordhavn",0101,Egentlig beboelseslejlighed,Eget køkken med afløb,"Bolig i etageejendom, flerfamiliehus eller to-familiehus",Badeværelse i enheden,128, 2,128,Vandskyllende toilet i enheden,4, 2,400 V el fra værk
941," Sundkaj 91, 1. mf 2150 Nordhavn ",5595000.0,2017-08-09, Handelstype Alm. frit salg,https://www.boliga.dk//salg/info/101/34084/05698369-89A9-4476-940C-486878978B61,https://www.boliga.dk//bbrinfo/05698369-89a9-4476-940c-486878978b61,"(55.70966782, 12.5985478)","Sundkaj 91, 1. mf, 2150 Nordhavn",0101,Egentlig beboelseslejlighed,Eget køkken med afløb,"Bolig i etageejendom, flerfamiliehus eller to-familiehus",Badeværelse i enheden,105, 1,105,Vandskyllende toilet i enheden,3, 1,-
942," Sundkaj 91, 1. th 2150 Nordhavn ",4595000.0,2017-08-08, Handelstype Alm. frit salg,https://www.boliga.dk//salg/info/101/34083/7A75EC44-2987-4145-90C0-C8761918599B,https://www.boliga.dk//bbrinfo/7a75ec44-2987-4145-90c0-c8761918599b,"(55.70966782, 12.5985478)","Sundkaj 91, 1. mf, 2150 Nordhavn",0101,Egentlig beboelseslejlighed,Eget køkken med afløb,"Bolig i etageejendom, flerfamiliehus eller to-familiehus",Badeværelse i enheden,86, 1,86,Vandskyllende toilet i enheden,2, 1,-
943," Sundkaj 69, 1. th 2150 Nordhavn ",5395000.0,2017-08-07, Handelstype Alm. frit salg,https://www.boliga.dk//salg/info/101/27117/49D6510B-F79B-488C-8744-D237378E2951,https://www.boliga.dk//bbrinfo/49d6510b-f79b-488c-8744-d237378e2951,"(55.70987215, 12.59726353)","Sundkaj 69, 1. th, 2150 Nordhavn",0101,Egentlig beboelseslejlighed,Eget køkken med afløb,"Bolig i etageejendom, flerfamiliehus eller to-familiehus",Badeværelse i enheden,106, 2,106,Vandskyllende toilet i enheden,3, 2,400 V el fra værk
944," Sundkaj 87, 1. th 2150 Nordhavn ",5295000.0,2017-08-07, Handelstype Alm. frit salg,https://www.boliga.dk//salg/info/101/34114/6E45A43E-B6D2-4FEB-93EF-D0DF77188408,https://www.boliga.dk//bbrinfo/6e45a43e-b6d2-4feb-93ef-d0df77188408,"(55.7097076, 12.59801986)","Sundkaj 87, 1. th, 2150 Nordhavn",0101,Egentlig beboelseslejlighed,Eget køkken med afløb,"Bolig i etageejendom, flerfamiliehus eller to-familiehus",Badeværelse i enheden,110, 1,110,Vandskyllende toilet i enheden,4, 1,-
945," Sandkaj 37, 5. tv 2150 Nordhavn ",3150000.0,2017-08-06, Handelstype Familieoverdragelse,https://www.boliga.dk//salg/info/101/17606/F8605CA1-28D8-4224-B50B-E113FBE3836F,https://www.boliga.dk//bbrinfo/f8605ca1-28d8-4224-b50b-e113fbe3836f,"(55.70678507, 12.59818652)","Sandkaj 37, 2150 Nordhavn",0101,Egentlig beboelseslejlighed,Eget køkken med afløb,"Bolig i etageejendom, flerfamiliehus eller to-familiehus",Badeværelse i enheden,113, 1,113,Vandskyllende toilet i enheden,3, 1,400 V el fra værk
946," Sandkaj 37, 5. tv 2150 Nordhavn ",9000000.0,2014-05-01, Handelstype Alm. frit salg,https://www.boliga.dk//salg/info/101/17606/F8605CA1-28D8-4224-B50B-E113FBE3836F,https://www.boliga.dk//bbrinfo/f8605ca1-28d8-4224-b50b-e113fbe3836f,"(55.70678507, 12.59818652)","Sandkaj 37, 2150 Nordhavn",0101,Egentlig beboelseslejlighed,Eget køkken med afløb,"Bolig i etageejendom, flerfamiliehus eller to-familiehus",Badeværelse i enheden,113, 1,113,Vandskyllende toilet i enheden,3, 1,400 V el fra værk
947," Göteborg Plads 4, st 2150 Nordhavn ",7650000.0,2017-08-03, Handelstype Alm. frit salg,https://www.boliga.dk//salg/info/101/17608/A4A99F12-B262-4B93-AF0F-628CC7653835,https://www.boliga.dk//bbrinfo/a4a99f12-b262-4b93-af0f-628cc7653835,"(55.70683921, 12.59778127)","Göteborg Plads 4, 4. mf, 2150 Nordhavn",0101,Egentlig beboelseslejlighed,Eget køkken med afløb,"Bolig i etageejendom, flerfamiliehus eller to-familiehus",Badeværelse i enheden,135, 1,135,Vandskyllende toilet i enheden,4, 1,400 V el fra værk
948," Göteborg Plads 4, st 2150 Nordhavn ",6345000.0,2015-10-09, Handelstype Alm. frit salg,https://www.boliga.dk//salg/info/101/17608/A4A99F12-B262-4B93-AF0F-628CC7653835,https://www.boliga.dk//bbrinfo/a4a99f12-b262-4b93-af0f-628cc7653835,"(55.70683921, 12.59778127)","Göteborg Plads 4, 4. mf, 2150 Nordhavn",0101,Egentlig beboelseslejlighed,Eget køkken med afløb,"Bolig i etageejendom, flerfamiliehus eller to-familiehus",Badeværelse i enheden,135, 1,135,Vandskyllende toilet i enheden,4, 1,400 V el fra værk
949," Sundkaj 91, 2. mf 2150 Nordhavn ",5695000.0,2017-08-03, Handelstype Alm. frit salg,https://www.boliga.dk//salg/info/101/34087/5014A16C-55C0-47F1-ADCA-B44B15BEBF6F,https://www.boliga.dk//bbrinfo/5014a16c-55c0-47f1-adca-b44b15bebf6f,"(55.70966782, 12.5985478)","Sundkaj 91, 1. mf, 2150 Nordhavn",0101,Egentlig beboelseslejlighed,Eget køkken med afløb,"Bolig i etageejendom, flerfamiliehus eller to-familiehus",Badeværelse i enheden,105, 1,105,Vandskyllende toilet i enheden,3, 1,-
950," Sundkaj 9, 1. th 2150 Nordhavn ",5420038.0,2017-08-01, Handelstype Alm. frit salg,https://www.boliga.dk//salg/info/101/33608/C9044343-E85B-4844-9473-74E3275018EA,https://www.boliga.dk//bbrinfo/c9044343-e85b-4844-9473-74e3275018ea,"(55.71054004, 12.59500658)","Sundkaj 9, 1. th, 2150 Nordhavn",0101,Egentlig beboelseslejlighed,Eget køkken med afløb,"Bolig i etageejendom, flerfamiliehus eller to-familiehus",Badeværelse i enheden,91, 1,91,Vandskyllende toilet i enheden,3, 1,-
951," Sundkaj 67, 2. tv 2150 Nordhavn ",5948000.0,2017-01-03, Handelstype Alm. frit salg,https://www.boliga.dk//salg/info/101/27131/2838D630-15AE-4E35-8BCB-81CCB9622700,https://www.boliga.dk//bbrinfo/2838d630-15ae-4e35-8bcb-81ccb9622700,"(55.70992515, 12.5969924)","Sundkaj 67, 5., 2150 Nordhavn",0101,Egentlig beboelseslejlighed,Eget køkken med afløb,"Bolig i etageejendom, flerfamiliehus eller to-familiehus",Badeværelse i enheden,120, 2,120,Vandskyllende toilet i enheden,4, 2,400 V el fra værk
952," Sundkaj 85, 2. th 2150 Nordhavn ",5495000.0,2017-01-03, Handelstype Alm. frit salg,https://www.boliga.dk//salg/info/101/34162/854D2F64-2AC9-401A-A5AA-99C3D0D847FE,https://www.boliga.dk//bbrinfo/854d2f64-2ac9-401a-a5aa-99c3d0d847fe,"(55.70997625, 12.59869483)","Sundkaj 85, 1. mf, 2150 Nordhavn",0101,Egentlig beboelseslejlighed,Eget køkken med afløb,"Bolig i etageejendom, flerfamiliehus eller to-familiehus",Badeværelse i enheden,104, 1,104,Vandskyllende toilet i enheden,2, 1,-
953," Sundkaj 89, 3. tv 2150 Nordhavn ",5195000.0,2017-01-03, Handelstype Alm. frit salg,https://www.boliga.dk//salg/info/101/34107/96359A43-EFEF-475F-A547-6A88403F29DE,https://www.boliga.dk//bbrinfo/96359a43-efef-475f-a547-6a88403f29de,"(55.70966823, 12.598245)","Sundkaj 89, 1. th, 2150 Nordhavn",0101,Egentlig beboelseslejlighed,Eget køkken med afløb,"Bolig i etageejendom, flerfamiliehus eller to-familiehus",Badeværelse i enheden,96, 1,96,Vandskyllende toilet i enheden,4, 1,-
954," Sundkaj 91, 5. tv 2150 Nordhavn ",10995000.0,2017-01-03, Handelstype Alm. frit salg,https://www.boliga.dk//salg/info/101/34098/C092FF4B-A8A0-4793-BCBE-FC18C7EA5364,https://www.boliga.dk//bbrinfo/c092ff4b-a8a0-4793-bcbe-fc18c7ea5364,"(55.70966782, 12.5985478)","Sundkaj 91, 1. mf, 2150 Nordhavn",0101,Egentlig beboelseslejlighed,Eget køkken med afløb,"Bolig i etageejendom, flerfamiliehus eller to-familiehus",Badeværelse i enheden,141, 1,141,Vandskyllende toilet i enheden,3, 1,-
955," Sundkaj 69, 2. th 2150 Nordhavn ",5188000.0,2017-01-03, Handelstype Alm. frit salg,https://www.boliga.dk//salg/info/101/27119/CBF9B6F6-3E7D-42C1-8CAC-42A239F15EA1,https://www.boliga.dk//bbrinfo/cbf9b6f6-3e7d-42c1-8cac-42a239f15ea1,"(55.70987215, 12.59726353)","Sundkaj 69, 1. th, 2150 Nordhavn",0101,Egentlig beboelseslejlighed,Eget køkken med afløb,"Bolig i etageejendom, flerfamiliehus eller to-familiehus",Badeværelse i enheden,106, 2,106,Vandskyllende toilet i enheden,3, 2,400 V el fra værk
956," Sundkaj 69, 2. tv 2150 Nordhavn ",5849000.0,2017-01-03, Handelstype Alm. frit salg,https://www.boliga.dk//salg/info/101/27118/CB6B34B8-F605-4DB3-992D-86B8263DC3C3,https://www.boliga.dk//bbrinfo/cb6b34b8-f605-4db3-992d-86b8263dc3c3,"(55.70987215, 12.59726353)","Sundkaj 69, 1. th, 2150 Nordhavn",0101,Egentlig beboelseslejlighed,Eget køkken med afløb,"Bolig i etageejendom, flerfamiliehus eller to-familiehus",Badeværelse i enheden,118, 2,118,Vandskyllende toilet i enheden,3, 2,400 V el fra værk
957," Sundkaj 91, 4. tv 2150 Nordhavn ",5995000.0,2017-01-03, Handelstype Alm. frit salg,https://www.boliga.dk//salg/info/101/34095/BF979779-65FA-4F0E-BDD3-C3645D2BC34A,https://www.boliga.dk//bbrinfo/bf979779-65fa-4f0e-bdd3-c3645d2bc34a,"(55.70966782, 12.5985478)","Sundkaj 91, 1. mf, 2150 Nordhavn",0101,Egentlig beboelseslejlighed,Eget køkken med afløb,"Bolig i etageejendom, flerfamiliehus eller to-familiehus",Badeværelse i enheden,91, 1,91,Vandskyllende toilet i enheden,3, 1,-
958," Fortkaj 30, 1. th 2150 Nordhavn ",8975806.0,2017-07-01, Handelstype Alm. frit salg,https://www.boliga.dk//salg/info/101/23275/3B8D5239-3382-4A05-A6B0-E59DE8023524,https://www.boliga.dk//bbrinfo/3b8d5239-3382-4a05-a6b0-e59de8023524,"(55.70839574, 12.59807131)","Fortkaj 30, 2150 Nordhavn",0101,Egentlig beboelseslejlighed,Eget køkken med afløb,"Bolig i etageejendom, flerfamiliehus eller to-familiehus",Badeværelse i enheden,213, 1,213,Vandskyllende toilet i enheden,3, 2,400 V el fra værk
959," Helsinkigade 29, 9. mf 2150 Nordhavn ",5516828.0,2017-07-01, Handelstype Alm. frit salg,https://www.boliga.dk//salg/info/101/23308/EC3E1CAE-1F23-4186-8727-75C7A7724915,https://www.boliga.dk//bbrinfo/ec3e1cae-1f23-4186-8727-75c7a7724915,"(55.70806117, 12.59788684)","Helsinkigade 29, 2150 Nordhavn",0101,Egentlig beboelseslejlighed,Eget køkken med afløb,"Bolig i etageejendom, flerfamiliehus eller to-familiehus",Badeværelse i enheden,106, 1,106,Vandskyllende toilet i enheden,2, 2,400 V el fra værk
960," Sundkaj 93, 4. th 2150 Nordhavn ",8395000.0,2017-07-01, Handelstype Alm. frit salg,https://www.boliga.dk//salg/info/101/34079/7880C918-22B0-499C-B54B-E430AC8BD991,https://www.boliga.dk//bbrinfo/7880c918-22b0-499c-b54b-e430ac8bd991,"(55.7097779, 12.59860564)","Sundkaj 93, 1. th, 2150 Nordhavn",0101,Egentlig beboelseslejlighed,Eget køkken med afløb,"Bolig i etageejendom, flerfamiliehus eller to-familiehus",Badeværelse i enheden,136, 1,136,Vandskyllende toilet i enheden,4, 1,-
961," Fortkaj 30, 9. th 2150 Nordhavn ",18823214.0,2017-07-01, Handelstype Alm. frit salg,https://www.boliga.dk//salg/info/101/23289/249B9DB8-42E7-4007-A599-4FF633BFFC5A,https://www.boliga.dk//bbrinfo/249b9db8-42e7-4007-a599-4ff633bffc5a,"(55.70839574, 12.59807131)","Fortkaj 30, 2150 Nordhavn",0101,Egentlig beboelseslejlighed,Eget køkken med afløb,"Bolig i etageejendom, flerfamiliehus eller to-familiehus",Badeværelse i enheden,292, 3,292,Vandskyllende toilet i enheden,5, 3,400 V el fra værk
962," Fortkaj 30, 4. th 2150 Nordhavn ",14071483.0,2017-07-02, Handelstype Alm. frit salg,https://www.boliga.dk//salg/info/101/23280/44F54566-003D-4927-A607-A84C7574D6A1,https://www.boliga.dk//bbrinfo/44f54566-003d-4927-a607-a84c7574d6a1,"(55.70839574, 12.59807131)","Fortkaj 30, 2150 Nordhavn",0101,Egentlig beboelseslejlighed,Eget køkken med afløb,"Bolig i etageejendom, flerfamiliehus eller to-familiehus",Badeværelse i enheden,293, 3,293,Vandskyllende toilet i enheden,5, 3,400 V el fra værk
963," Trelleborggade 20, 5 2150 Nordhavn ",6700000.0,2017-07-02, Handelstype Alm. frit salg,https://www.boliga.dk//salg/info/101/21448/B453E0FE-545E-4422-B2B1-7F31BC9F0F55,https://www.boliga.dk//bbrinfo/b453e0fe-545e-4422-b2b1-7f31bc9f0f55,"(55.70667705, 12.59415088)","Trelleborggade 20, 5., 2150 Nordhavn",0101,Egentlig beboelseslejlighed,Eget køkken med afløb,"Bolig i etageejendom, flerfamiliehus eller to-familiehus",Badeværelse i enheden,109, 1,109,Vandskyllende toilet i enheden,3, 1,-
964," Helsinkigade 20, 9. 2 2150 Nordhavn ",8700000.0,2017-07-02, Handelstype Alm. frit salg,https://www.boliga.dk//salg/info/101/21640/A427838A-EE46-467D-870A-DE0276290A18,https://www.boliga.dk//bbrinfo/a427838a-ee46-467d-870a-de0276290a18,"(55.70792825, 12.59733266)","Helsinkigade 20, 10., 2150 Nordhavn",0101,Egentlig beboelseslejlighed,Eget køkken med afløb,"Bolig i etageejendom, flerfamiliehus eller to-familiehus",Badeværelse i enheden,119, 1,119,Vandskyllende toilet i enheden,3, 2,-
965," Helsinkigade 20, 9. 2 2150 Nordhavn ",6872218.0,2014-06-02, Handelstype Alm. frit salg,https://www.boliga.dk//salg/info/101/21640/A427838A-EE46-467D-870A-DE0276290A18,https://www.boliga.dk//bbrinfo/a427838a-ee46-467d-870a-de0276290a18,"(55.70792825, 12.59733266)","Helsinkigade 20, 10., 2150 Nordhavn",0101,Egentlig beboelseslejlighed,Eget køkken med afløb,"Bolig i etageejendom, flerfamiliehus eller to-familiehus",Badeværelse i enheden,119, 1,119,Vandskyllende toilet i enheden,3, 2,-
966," Trelleborggade 20, 3. tv 2150 Nordhavn ",3125000.0,2017-07-02, Handelstype Alm. frit salg,https://www.boliga.dk//salg/info/101/21442/83C53805-6313-401A-8F3D-EB11475F5A6A,https://www.boliga.dk//bbrinfo/83c53805-6313-401a-8f3d-eb11475f5a6a,"(55.70667705, 12.59415088)","Trelleborggade 20, 5., 2150 Nordhavn",0101,Egentlig beboelseslejlighed,Eget køkken med afløb,"Bolig i etageejendom, flerfamiliehus eller to-familiehus",Badeværelse i enheden,58, 1,58,Vandskyllende toilet i enheden,2, 1,-
967," Trelleborggade 20, 3. tv 2150 Nordhavn ",2595000.0,2015-03-30, Handelstype Alm. frit salg,https://www.boliga.dk//salg/info/101/21442/83C53805-6313-401A-8F3D-EB11475F5A6A,https://www.boliga.dk//bbrinfo/83c53805-6313-401a-8f3d-eb11475f5a6a,"(55.70667705, 12.59415088)","Trelleborggade 20, 5., 2150 Nordhavn",0101,Egentlig beboelseslejlighed,Eget køkken med afløb,"Bolig i etageejendom, flerfamiliehus eller to-familiehus",Badeværelse i enheden,58, 1,58,Vandskyllende toilet i enheden,2, 1,-
968," Sankt Petersborg Plads 4, 1. th 2150 Nordhavn ",3400000.0,2017-07-02, Handelstype Alm. frit salg,https://www.boliga.dk//salg/info/101/17553/F434EB1C-1134-4451-AC2E-6D4D58DE293B,https://www.boliga.dk//bbrinfo/f434eb1c-1134-4451-ac2e-6d4d58de293b,"(55.70721925, 12.59831326)","Sankt Petersborg Plads 4, 2150 Nordhavn",0101,Egentlig beboelseslejlighed,Eget køkken med afløb,"Bolig i etageejendom, flerfamiliehus eller to-familiehus",Badeværelse i enheden,70, 1,70,Vandskyllende toilet i enheden,2, 1,400 V el fra værk
969," Sankt Petersborg Plads 4, 1. th 2150 Nordhavn ",2395000.0,2014-04-01, Handelstype Alm. frit salg,https://www.boliga.dk//salg/info/101/17553/F434EB1C-1134-4451-AC2E-6D4D58DE293B,https://www.boliga.dk//bbrinfo/f434eb1c-1134-4451-ac2e-6d4d58de293b,"(55.70721925, 12.59831326)","Sankt Petersborg Plads 4, 2150 Nordhavn",0101,Egentlig beboelseslejlighed,Eget køkken med afløb,"Bolig i etageejendom, flerfamiliehus eller to-familiehus",Badeværelse i enheden,70, 1,70,Vandskyllende toilet i enheden,2, 1,400 V el fra værk
970," Helsinkigade 29, 4. tv 2150 Nordhavn ",10503659.0,2017-03-02, Handelstype Alm. frit salg,https://www.boliga.dk//salg/info/101/23298/6BE9B009-4975-4967-A0A5-AF5811FCB9BB,https://www.boliga.dk//bbrinfo/6be9b009-4975-4967-a0a5-af5811fcb9bb,"(55.70806117, 12.59788684)","Helsinkigade 29, 2150 Nordhavn",0101,Egentlig beboelseslejlighed,Eget køkken med afløb,"Bolig i etageejendom, flerfamiliehus eller to-familiehus",Badeværelse i enheden,208, 2,208,Vandskyllende toilet i enheden,5, 3,400 V el fra værk
971," Helsinkigade 29, 11. tv 2150 Nordhavn ",13432937.0,2017-03-02, Handelstype Alm. frit salg,https://www.boliga.dk//salg/info/101/23310/A398AC88-CD6A-4270-AFE5-BF91CAFE2DC4,https://www.boliga.dk//bbrinfo/a398ac88-cd6a-4270-afe5-bf91cafe2dc4,"(55.70806117, 12.59788684)","Helsinkigade 29, 2150 Nordhavn",0101,Egentlig beboelseslejlighed,Eget køkken med afløb,"Bolig i etageejendom, flerfamiliehus eller to-familiehus",Badeværelse i enheden,206, 2,206,Vandskyllende toilet i enheden,5, 3,400 V el fra værk
972," Helsinkigade 29, 13. tv 2150 Nordhavn ",15554050.0,2017-02-02, Handelstype Alm. frit salg,https://www.boliga.dk//salg/info/101/23314/ABA4116B-F883-4312-B517-02F0A878B7C2,https://www.boliga.dk//bbrinfo/aba4116b-f883-4312-b517-02f0a878b7c2,"(55.70806117, 12.59788684)","Helsinkigade 29, 2150 Nordhavn",0101,Egentlig beboelseslejlighed,Eget køkken med afløb,"Bolig i etageejendom, flerfamiliehus eller to-familiehus",Badeværelse i enheden,200, 2,200,Vandskyllende toilet i enheden,5, 3,400 V el fra værk
973," Göteborg Plads 8, 2. tv 2150 Nordhavn ",5475000.0,2017-02-02, Handelstype Alm. frit salg,https://www.boliga.dk//salg/info/101/17627/EC7E64D8-A40F-4398-BBD7-EB4B34FC1CBB,https://www.boliga.dk//bbrinfo/ec7e64d8-a40f-4398-bbd7-eb4b34fc1cbb,"(55.70695451, 12.59774378)","Göteborg Plads 8, 4., 2150 Nordhavn",0101,Egentlig beboelseslejlighed,Eget køkken med afløb,"Bolig i etageejendom, flerfamiliehus eller to-familiehus",Badeværelse i enheden,115, 1,115,Vandskyllende toilet i enheden,3, 1,400 V el fra værk
974," Göteborg Plads 8, 2. tv 2150 Nordhavn ",3795000.0,2013-01-01, Handelstype Alm. frit salg,https://www.boliga.dk//salg/info/101/17627/EC7E64D8-A40F-4398-BBD7-EB4B34FC1CBB,https://www.boliga.dk//bbrinfo/ec7e64d8-a40f-4398-bbd7-eb4b34fc1cbb,"(55.70695451, 12.59774378)","Göteborg Plads 8, 4., 2150 Nordhavn",0101,Egentlig beboelseslejlighed,Eget køkken med afløb,"Bolig i etageejendom, flerfamiliehus eller to-familiehus",Badeværelse i enheden,115, 1,115,Vandskyllende toilet i enheden,3, 1,400 V el fra værk
975," Helsinkigade 29, 6. th 2150 Nordhavn ",6428668.0,2017-01-02, Handelstype Alm. frit salg,https://www.boliga.dk//salg/info/101/23301/6950BBD6-4456-4E3A-A84C-AD51F93330EB,https://www.boliga.dk//bbrinfo/6950bbd6-4456-4e3a-a84c-ad51f93330eb,"(55.70806117, 12.59788684)","Helsinkigade 29, 2150 Nordhavn",0101,Egentlig beboelseslejlighed,Eget køkken med afløb,"Bolig i etageejendom, flerfamiliehus eller to-familiehus",Badeværelse i enheden,137, 1,137,Vandskyllende toilet i enheden,4, 1,400 V el fra værk
976," Helsinkigade 29, 9. tv 2150 Nordhavn ",10875000.0,2017-01-02, Handelstype Alm. frit salg,https://www.boliga.dk//salg/info/101/23307/5C44C5E0-5995-40F3-AE30-ACA1EC257DC7,https://www.boliga.dk//bbrinfo/5c44c5e0-5995-40f3-ae30-aca1ec257dc7,"(55.70806117, 12.59788684)","Helsinkigade 29, 2150 Nordhavn",0101,Egentlig beboelseslejlighed,Eget køkken med afløb,"Bolig i etageejendom, flerfamiliehus eller to-familiehus",Badeværelse i enheden,208, 2,208,Vandskyllende toilet i enheden,5, 3,400 V el fra værk
977," Fortkaj 30, 6. th 2150 Nordhavn ",11208213.0,2017-01-02, Handelstype Alm. frit salg,https://www.boliga.dk//salg/info/101/23283/2A3ABCF4-4B8E-4DD5-995B-7D810B40D122,https://www.boliga.dk//bbrinfo/2a3abcf4-4b8e-4dd5-995b-7d810b40d122,"(55.70839574, 12.59807131)","Fortkaj 30, 2150 Nordhavn",0101,Egentlig beboelseslejlighed,Eget køkken med afløb,"Bolig i etageejendom, flerfamiliehus eller to-familiehus",Badeværelse i enheden,202, 2,202,Vandskyllende toilet i enheden,3, 2,400 V el fra værk
978," Fortkaj 30, 9. tv 2150 Nordhavn ",13702337.0,2017-01-02, Handelstype Alm. frit salg,https://www.boliga.dk//salg/info/101/23288/CBB904CC-F7DB-416A-8687-91D74CF4C557,https://www.boliga.dk//bbrinfo/cbb904cc-f7db-416a-8687-91d74cf4c557,"(55.70839574, 12.59807131)","Fortkaj 30, 2150 Nordhavn",0101,Egentlig beboelseslejlighed,Eget køkken med afløb,"Bolig i etageejendom, flerfamiliehus eller to-familiehus",Badeværelse i enheden,217, 2,217,Vandskyllende toilet i enheden,3, 2,400 V el fra værk
979," Helsinkigade 29, 6. tv 2150 Nordhavn ",7368244.0,2017-01-02, Handelstype Alm. frit salg,https://www.boliga.dk//salg/info/101/23300/59A176D5-7DE1-407D-BBE5-7A104BBCC939,https://www.boliga.dk//bbrinfo/59a176d5-7de1-407d-bbe5-7a104bbcc939,"(55.70806117, 12.59788684)","Helsinkigade 29, 2150 Nordhavn",0101,Egentlig beboelseslejlighed,Eget køkken med afløb,"Bolig i etageejendom, flerfamiliehus eller to-familiehus",Badeværelse i enheden,146, 1,146,Vandskyllende toilet i enheden,3, 1,400 V el fra værk
980," Dunkerquegade 1, 1. tv 2150 Nordhavn ",2850000.0,2017-05-01, Handelstype Alm. frit salg,https://www.boliga.dk//salg/info/101/18678/BB757317-0282-4C5A-84BE-56A7FEE59C8D,https://www.boliga.dk//bbrinfo/bb757317-0282-4c5a-84be-56a7fee59c8d,"(55.70844508, 12.59686421)","Dunkerquegade 1, 1. mf, 2150 Nordhavn",0101,Egentlig beboelseslejlighed,Eget køkken med afløb,"Bolig i etageejendom, flerfamiliehus eller to-familiehus",Badeværelse i enheden,59, 1,59,Vandskyllende toilet i enheden,2, 1,-
981," Dunkerquegade 1, 1. tv 2150 Nordhavn ",2015000.0,2016-01-02, Handelstype Alm. frit salg,https://www.boliga.dk//salg/info/101/18678/BB757317-0282-4C5A-84BE-56A7FEE59C8D,https://www.boliga.dk//bbrinfo/bb757317-0282-4c5a-84be-56a7fee59c8d,"(55.70844508, 12.59686421)","Dunkerquegade 1, 1. mf, 2150 Nordhavn",0101,Egentlig beboelseslejlighed,Eget køkken med afløb,"Bolig i etageejendom, flerfamiliehus eller to-familiehus",Badeværelse i enheden,59, 1,59,Vandskyllende toilet i enheden,2, 1,-
982," Dunkerquegade 1, 1. tv 2150 Nordhavn ",1850000.0,2014-06-01, Handelstype Alm. frit salg,https://www.boliga.dk//salg/info/101/18678/BB757317-0282-4C5A-84BE-56A7FEE59C8D,https://www.boliga.dk//bbrinfo/bb757317-0282-4c5a-84be-56a7fee59c8d,"(55.70844508, 12.59686421)","Dunkerquegade 1, 1. mf, 2150 Nordhavn",0101,Egentlig beboelseslejlighed,Eget køkken med afløb,"Bolig i etageejendom, flerfamiliehus eller to-familiehus",Badeværelse i enheden,59, 1,59,Vandskyllende toilet i enheden,2, 1,-
983," Sundkaj 67, 3. tv 2150 Nordhavn ",6395000.0,2017-04-01, Handelstype Alm. frit salg,https://www.boliga.dk//salg/info/101/27133/2481601D-3117-4036-B0BC-622D9E7EAEB3,https://www.boliga.dk//bbrinfo/2481601d-3117-4036-b0bc-622d9e7eaeb3,"(55.70992515, 12.5969924)","Sundkaj 67, 5., 2150 Nordhavn",0101,Egentlig beboelseslejlighed,Eget køkken med afløb,"Bolig i etageejendom, flerfamiliehus eller to-familiehus",Badeværelse i enheden,120, 2,120,Vandskyllende toilet i enheden,4, 2,400 V el fra værk
984," Sundkaj 1, st. th 2150 Nordhavn ",4398998.0,2017-06-06, Handelstype Alm. frit salg,https://www.boliga.dk//salg/info/101/33556/1DCDC735-AD02-4CD2-9ED6-D3A0806FE999,https://www.boliga.dk//bbrinfo/1dcdc735-ad02-4cd2-9ed6-d3a0806fe999,"(55.71043548, 12.59549773)","Sundkaj 1, 2150 Nordhavn",0101,Egentlig beboelseslejlighed,Eget køkken med afløb,"Bolig i etageejendom, flerfamiliehus eller to-familiehus",Badeværelse i enheden,107, 1,107,Vandskyllende toilet i enheden,4, 2,-
985," Dover Passage 2, st. tv 2150 Nordhavn ",4150000.0,2017-01-02, Handelstype Alm. frit salg,https://www.boliga.dk//salg/info/101/18732/A1ECFA0F-1D0D-44C9-BF42-CAD6EDCC1156,https://www.boliga.dk//bbrinfo/a1ecfa0f-1d0d-44c9-bf42-cad6edcc1156,"(55.70849348, 12.59608751)","Dover Passage 2, 2. th, 2150 Nordhavn",0101,Egentlig beboelseslejlighed,Eget køkken med afløb,"Bolig i etageejendom, flerfamiliehus eller to-familiehus",Badeværelse i enheden,102, 1,102,Vandskyllende toilet i enheden,4, 1,-
986," Dover Passage 2, st. tv 2150 Nordhavn ",3700000.0,2015-06-02, Handelstype Alm. frit salg,https://www.boliga.dk//salg/info/101/18732/A1ECFA0F-1D0D-44C9-BF42-CAD6EDCC1156,https://www.boliga.dk//bbrinfo/a1ecfa0f-1d0d-44c9-bf42-cad6edcc1156,"(55.70849348, 12.59608751)","Dover Passage 2, 2. th, 2150 Nordhavn",0101,Egentlig beboelseslejlighed,Eget køkken med afløb,"Bolig i etageejendom, flerfamiliehus eller to-familiehus",Badeværelse i enheden,102, 1,102,Vandskyllende toilet i enheden,4, 1,-
987," Sundkaj 9, 2. th 2150 Nordhavn ",6238090.0,2017-06-01, Handelstype Alm. frit salg,https://www.boliga.dk//salg/info/101/33610/28244E87-D35B-48F1-B12C-CEB951E17CEA,https://www.boliga.dk//bbrinfo/28244e87-d35b-48f1-b12c-ceb951e17cea,"(55.71054004, 12.59500658)","Sundkaj 9, 1. th, 2150 Nordhavn",0101,Egentlig beboelseslejlighed,Eget køkken med afløb,"Bolig i etageejendom, flerfamiliehus eller to-familiehus",Badeværelse i enheden,101, 1,101,Vandskyllende toilet i enheden,3, 1,-
988," Sundkaj 75, 2. tv 2150 Nordhavn ",4395000.0,2017-05-01, Handelstype Alm. frit salg,https://www.boliga.dk//salg/info/101/27085/92FF1445-44F0-4335-ADFF-4306E1E8D191,https://www.boliga.dk//bbrinfo/92ff1445-44f0-4335-adff-4306e1e8d191,"(55.71005876, 12.59775928)","Sundkaj 75, 4., 2150 Nordhavn",0101,Egentlig beboelseslejlighed,Eget køkken med afløb,"Bolig i etageejendom, flerfamiliehus eller to-familiehus",Badeværelse i enheden,90, 1,90,Vandskyllende toilet i enheden,3, 1,400 V el fra værk
989," Helsinkigade 18, 3. 2 2150 Nordhavn ",4060000.0,2017-01-01, Handelstype Alm. frit salg,https://www.boliga.dk//salg/info/101/21570/5F1F3B2B-6E28-4551-B9FD-16ED6C248336,https://www.boliga.dk//bbrinfo/5f1f3b2b-6e28-4551-b9fd-16ed6c248336,"(55.70798351, 12.59704886)","Helsinkigade 18, 2. 2, 2150 Nordhavn",0101,Egentlig beboelseslejlighed,Eget køkken med afløb,"Bolig i etageejendom, flerfamiliehus eller to-familiehus",Badeværelse i enheden,84, 1,84,Vandskyllende toilet i enheden,2, 1,-
990," Helsinkigade 18, 3. 2 2150 Nordhavn ",3000000.0,2014-09-05, Handelstype Alm. frit salg,https://www.boliga.dk//salg/info/101/21570/5F1F3B2B-6E28-4551-B9FD-16ED6C248336,https://www.boliga.dk//bbrinfo/5f1f3b2b-6e28-4551-b9fd-16ed6c248336,"(55.70798351, 12.59704886)","Helsinkigade 18, 2. 2, 2150 Nordhavn",0101,Egentlig beboelseslejlighed,Eget køkken med afløb,"Bolig i etageejendom, flerfamiliehus eller to-familiehus",Badeværelse i enheden,84, 1,84,Vandskyllende toilet i enheden,2, 1,-
991, Kielgade 11 2150 Nordhavn ,4930000.0,2017-05-06, Handelstype Familieoverdragelse,https://www.boliga.dk//salg/info/101/17874/3D396F19-0D9D-4B06-84F8-65CEA4832A7C,https://www.boliga.dk//bbrinfo/3d396f19-0d9d-4b06-84f8-65cea4832a7c,"(55.70814634, 12.59480399)","Kielgade 11, 2150 Nordhavn",0101,Egentlig beboelseslejlighed,Eget køkken med afløb,"Række-, kæde- og klyngehus",Badeværelse i enheden,152, 2,152,Vandskyllende toilet i enheden,5, 2,-
992, Kielgade 11 2150 Nordhavn ,6737648.0,2016-07-01, Handelstype Familieoverdragelse,https://www.boliga.dk//salg/info/101/17874/3D396F19-0D9D-4B06-84F8-65CEA4832A7C,https://www.boliga.dk//bbrinfo/3d396f19-0d9d-4b06-84f8-65cea4832a7c,"(55.70814634, 12.59480399)","Kielgade 11, 2150 Nordhavn",0101,Egentlig beboelseslejlighed,Eget køkken med afløb,"Række-, kæde- og klyngehus",Badeværelse i enheden,152, 2,152,Vandskyllende toilet i enheden,5, 2,-
993, Kielgade 11 2150 Nordhavn ,6737648.0,2014-09-10, Handelstype Alm. frit salg,https://www.boliga.dk//salg/info/101/17874/3D396F19-0D9D-4B06-84F8-65CEA4832A7C,https://www.boliga.dk//bbrinfo/3d396f19-0d9d-4b06-84f8-65cea4832a7c,"(55.70814634, 12.59480399)","Kielgade 11, 2150 Nordhavn",0101,Egentlig beboelseslejlighed,Eget køkken med afløb,"Række-, kæde- og klyngehus",Badeværelse i enheden,152, 2,152,Vandskyllende toilet i enheden,5, 2,-
994," Helsinkigade 20, 11. 1 2150 Nordhavn ",7500000.0,2017-05-05, Handelstype Familieoverdragelse,https://www.boliga.dk//salg/info/101/21644/E78EE588-074E-4B8B-916B-AFB4AFFE9068,https://www.boliga.dk//bbrinfo/e78ee588-074e-4b8b-916b-afb4affe9068,"(55.70792825, 12.59733266)","Helsinkigade 20, 10., 2150 Nordhavn",0101,Egentlig beboelseslejlighed,Eget køkken med afløb,"Bolig i etageejendom, flerfamiliehus eller to-familiehus",Badeværelse i enheden,114, 2,114,Vandskyllende toilet i enheden,3, 2,-
995," Helsinkigade 20, 11. 1 2150 Nordhavn ",6470412.0,2015-09-02, Handelstype Alm. frit salg,https://www.boliga.dk//salg/info/101/21644/E78EE588-074E-4B8B-916B-AFB4AFFE9068,https://www.boliga.dk//bbrinfo/e78ee588-074e-4b8b-916b-afb4affe9068,"(55.70792825, 12.59733266)","Helsinkigade 20, 10., 2150 Nordhavn",0101,Egentlig beboelseslejlighed,Eget køkken med afløb,"Bolig i etageejendom, flerfamiliehus eller to-familiehus",Badeværelse i enheden,114, 2,114,Vandskyllende toilet i enheden,3, 2,-
996, Sundkaj 59 2150 Nordhavn ,8495000.0,2017-05-04, Handelstype Alm. frit salg,https://www.boliga.dk//salg/info/101/25471/B27091C5-3714-456A-91BE-0149D9B2CF19,https://www.boliga.dk//bbrinfo/b27091c5-3714-456a-91be-0149d9b2cf19,"(55.71019048, 12.59729377)","Sundkaj 59, 2150 Nordhavn",0101,Egentlig beboelseslejlighed,Eget køkken med afløb,"Række-, kæde- og klyngehus",Badeværelse i enheden,154, 2,154,Vandskyllende toilet i enheden,5, 2,400 V el fra værk
997," Antwerpengade 15, 2. mf 2150 Nordhavn ",5995000.0,2017-01-01, Handelstype Alm. frit salg,https://www.boliga.dk//salg/info/101/15816/3606A08C-79C2-45D6-BA41-6BA1DAAA3DD9,https://www.boliga.dk//bbrinfo/3606a08c-79c2-45d6-ba41-6ba1daaa3dd9,"(55.7073385, 12.59625824)","Antwerpengade 15, 1. mf, 2150 Nordhavn",0101,Egentlig beboelseslejlighed,Eget køkken med afløb,"Bolig i etageejendom, flerfamiliehus eller to-familiehus",Badeværelse i enheden,142, 1,142,Vandskyllende toilet i enheden,4, 2,-
998," Antwerpengade 15, 2. mf 2150 Nordhavn ",4615582.0,2014-01-09, Handelstype Alm. frit salg,https://www.boliga.dk//salg/info/101/15816/3606A08C-79C2-45D6-BA41-6BA1DAAA3DD9,https://www.boliga.dk//bbrinfo/3606a08c-79c2-45d6-ba41-6ba1daaa3dd9,"(55.7073385, 12.59625824)","Antwerpengade 15, 1. mf, 2150 Nordhavn",0101,Egentlig beboelseslejlighed,Eget køkken med afløb,"Bolig i etageejendom, flerfamiliehus eller to-familiehus",Badeværelse i enheden,142, 1,142,Vandskyllende toilet i enheden,4, 2,-
999," Trelleborggade 2, 5. tv 2150 Nordhavn ",5500000.0,2017-04-03, Handelstype Alm. frit salg,https://www.boliga.dk//salg/info/101/18831/3A0C7091-E8D5-416F-9F76-83FBBB37AE84,https://www.boliga.dk//bbrinfo/3a0c7091-e8d5-416f-9f76-83fbbb37ae84,"(55.70624485, 12.59183821)","Trelleborggade 2, 2. mf, 2150 Nordhavn",0101,Egentlig beboelseslejlighed,Eget køkken med afløb,"Bolig i etageejendom, flerfamiliehus eller to-familiehus",Badeværelse i enheden,108, 1,108,Vandskyllende toilet i enheden,3, 1,-
1000," Sundkaj 73, 3. tv 2150 Nordhavn ",4050000.0,2017-01-03, Handelstype Alm. frit salg,https://www.boliga.dk//salg/info/101/27097/FC3C1BB1-DD48-4627-B491-0C6B4A6AC550,https://www.boliga.dk//bbrinfo/fc3c1bb1-dd48-4627-b491-0c6b4a6ac550,"(55.7099848, 12.59770868)","Sundkaj 73, 1. th, 2150 Nordhavn",0101,Egentlig beboelseslejlighed,Eget køkken med afløb,"Bolig i etageejendom, flerfamiliehus eller to-familiehus",Badeværelse i enheden,81, 1,81,Vandskyllende toilet i enheden,3, 1,400 V el fra værk
1001," Sundkaj 1, 1. th 2150 Nordhavn ",4417788.0,2017-01-03, Handelstype Alm. frit salg,https://www.boliga.dk//salg/info/101/33559/D468D772-3AEF-43F3-B635-AFFFD8783C19,https://www.boliga.dk//bbrinfo/d468d772-3aef-43f3-b635-afffd8783c19,"(55.71043548, 12.59549773)","Sundkaj 1, 2150 Nordhavn",0101,Egentlig beboelseslejlighed,Eget køkken med afløb,"Bolig i etageejendom, flerfamiliehus eller to-familiehus",Badeværelse i enheden,92, 1,92,Vandskyllende toilet i enheden,3, 2,-
1002, Sundkaj 65 2150 Nordhavn ,9900000.0,2017-03-30, Handelstype Alm. frit salg,https://www.boliga.dk//salg/info/101/25474/6734FD6F-1244-496D-B8EA-A9C00FBE71BB,https://www.boliga.dk//bbrinfo/6734fd6f-1244-496d-b8ea-a9c00fbe71bb,"(55.71015054, 12.59749953)","Sundkaj 65, 2150 Nordhavn",0101,Egentlig beboelseslejlighed,Eget køkken med afløb,"Række-, kæde- og klyngehus",Badeværelse i enheden,171, 2,171,Vandskyllende toilet i enheden,5, 2,400 V el fra værk
1003," Sundkaj 73, 4. tv 2150 Nordhavn ",4150000.0,2017-03-30, Handelstype Alm. frit salg,https://www.boliga.dk//salg/info/101/27099/6AE9C360-2FF9-49C6-BCAC-C7619CFFF460,https://www.boliga.dk//bbrinfo/6ae9c360-2ff9-49c6-bcac-c7619cfff460,"(55.7099848, 12.59770868)","Sundkaj 73, 1. th, 2150 Nordhavn",0101,Egentlig beboelseslejlighed,Eget køkken med afløb,"Bolig i etageejendom, flerfamiliehus eller to-familiehus",Badeværelse i enheden,81, 1,81,Vandskyllende toilet i enheden,3, 1,400 V el fra værk
1004," Dunkerquegade 1, 3. th 2150 Nordhavn ",5850000.0,2017-08-02, Handelstype Alm. frit salg,https://www.boliga.dk//salg/info/101/18688/A3D50A12-CAB8-44AB-8772-63409DA872E5,https://www.boliga.dk//bbrinfo/a3d50a12-cab8-44ab-8772-63409da872e5,"(55.70844508, 12.59686421)","Dunkerquegade 1, 1. mf, 2150 Nordhavn",0101,Egentlig beboelseslejlighed,Eget køkken med afløb,"Bolig i etageejendom, flerfamiliehus eller to-familiehus",Badeværelse i enheden,118, 1,118,Vandskyllende toilet i enheden,4, 1,-
1005," Dunkerquegade 1, 3. th 2150 Nordhavn ",4495000.0,2014-07-02, Handelstype Alm. frit salg,https://www.boliga.dk//salg/info/101/18688/A3D50A12-CAB8-44AB-8772-63409DA872E5,https://www.boliga.dk//bbrinfo/a3d50a12-cab8-44ab-8772-63409da872e5,"(55.70844508, 12.59686421)","Dunkerquegade 1, 1. mf, 2150 Nordhavn",0101,Egentlig beboelseslejlighed,Eget køkken med afløb,"Bolig i etageejendom, flerfamiliehus eller to-familiehus",Badeværelse i enheden,118, 1,118,Vandskyllende toilet i enheden,4, 1,-
1006," Sundkaj 73, 1. th 2150 Nordhavn ",3118086.0,2017-02-02, Handelstype Alm. frit salg,https://www.boliga.dk//salg/info/101/27094/0BCBBE46-561E-4EAF-A0D5-AC7F7DBFEAA8,https://www.boliga.dk//bbrinfo/0bcbbe46-561e-4eaf-a0d5-ac7f7dbfeaa8,"(55.7099848, 12.59770868)","Sundkaj 73, 1. th, 2150 Nordhavn",0101,Egentlig beboelseslejlighed,Eget køkken med afløb,"Bolig i etageejendom, flerfamiliehus eller to-familiehus",Badeværelse i enheden,68, 1,68,Vandskyllende toilet i enheden,2, 1,400 V el fra værk
1007," Sundkaj 73, 1. tv 2150 Nordhavn ",3750000.0,2017-02-02, Handelstype Alm. frit salg,https://www.boliga.dk//salg/info/101/27093/E29D9A2E-835F-40A4-A9FF-0379186C742B,https://www.boliga.dk//bbrinfo/e29d9a2e-835f-40a4-a9ff-0379186c742b,"(55.7099848, 12.59770868)","Sundkaj 73, 1. th, 2150 Nordhavn",0101,Egentlig beboelseslejlighed,Eget køkken med afløb,"Bolig i etageejendom, flerfamiliehus eller to-familiehus",Badeværelse i enheden,81, 1,81,Vandskyllende toilet i enheden,3, 1,400 V el fra værk
1008," Trelleborggade 6, 1. th 2150 Nordhavn ",3150000.0,2017-02-02, Handelstype Alm. frit salg,https://www.boliga.dk//salg/info/101/18808/40A164C6-0A72-422E-B8D0-ED62EACF0782,https://www.boliga.dk//bbrinfo/40a164c6-0a72-422e-b8d0-ed62eacf0782,"(55.70628248, 12.59224217)","Trelleborggade 6, 4., 2150 Nordhavn",0101,Egentlig beboelseslejlighed,Eget køkken med afløb,"Bolig i etageejendom, flerfamiliehus eller to-familiehus",Badeværelse i enheden,77, 1,77,Vandskyllende toilet i enheden,2, 1,-
1009," Sundkaj 1, 1. tv 2150 Nordhavn ",4599554.0,2017-06-01, Handelstype Alm. frit salg,https://www.boliga.dk//salg/info/101/33558/26BD48D1-BD01-47C2-A5E8-D45E760A2D8D,https://www.boliga.dk//bbrinfo/26bd48d1-bd01-47c2-a5e8-d45e760a2d8d,"(55.71043548, 12.59549773)","Sundkaj 1, 2150 Nordhavn",0101,Egentlig beboelseslejlighed,Eget køkken med afløb,"Bolig i etageejendom, flerfamiliehus eller to-familiehus",Badeværelse i enheden,109, 1,109,Vandskyllende toilet i enheden,4, 2,-
1010," Sundkaj 71, 1. tv 2150 Nordhavn ",3795000.0,2017-03-06, Handelstype Alm. frit salg,https://www.boliga.dk//salg/info/101/27103/7F1404A6-9A89-4F44-8DEF-5037BC4DE0F4,https://www.boliga.dk//bbrinfo/7f1404a6-9a89-4f44-8def-5037bc4de0f4,"(55.70985657, 12.59763541)","Sundkaj 71, 5., 2150 Nordhavn",0101,Egentlig beboelseslejlighed,Eget køkken med afløb,"Bolig i etageejendom, flerfamiliehus eller to-familiehus",Badeværelse i enheden,80, 1,80,Vandskyllende toilet i enheden,3, 1,400 V el fra værk
1011," Sundkaj 71, 2. tv 2150 Nordhavn ",3895000.0,2017-07-02, Handelstype Alm. frit salg,https://www.boliga.dk//salg/info/101/27106/203CFAC9-0A50-4284-9A64-34A82A409F47,https://www.boliga.dk//bbrinfo/203cfac9-0a50-4284-9a64-34a82a409f47,"(55.70985657, 12.59763541)","Sundkaj 71, 5., 2150 Nordhavn",0101,Egentlig beboelseslejlighed,Eget køkken med afløb,"Bolig i etageejendom, flerfamiliehus eller to-familiehus",Badeværelse i enheden,80, 1,80,Vandskyllende toilet i enheden,3, 1,400 V el fra værk
1012," Sundkaj 7, 5. tv 2150 Nordhavn ",6694817.0,2017-07-02, Handelstype Alm. frit salg,https://www.boliga.dk//salg/info/101/33603/53BFDAFA-BA36-4454-A75E-C65FFAE2F388,https://www.boliga.dk//bbrinfo/53bfdafa-ba36-4454-a75e-c65ffae2f388,"(55.71034171, 12.59488289)","Sundkaj 7, 1. th, 2150 Nordhavn",0101,Egentlig beboelseslejlighed,Eget køkken med afløb,"Bolig i etageejendom, flerfamiliehus eller to-familiehus",Badeværelse i enheden,108, 1,108,Vandskyllende toilet i enheden,4, 1,-
1013," Göteborg Plads 8, 3. th 2150 Nordhavn ",2895000.0,2017-03-02, Handelstype Alm. frit salg,https://www.boliga.dk//salg/info/101/17631/78A2A5AF-72D2-49C7-A610-D841363984AC,https://www.boliga.dk//bbrinfo/78a2a5af-72d2-49c7-a610-d841363984ac,"(55.70695451, 12.59774378)","Göteborg Plads 8, 4., 2150 Nordhavn",0101,Egentlig beboelseslejlighed,Eget køkken med afløb,"Bolig i etageejendom, flerfamiliehus eller to-familiehus",Badeværelse i enheden,78, 1,78,Vandskyllende toilet i enheden,3, 1,400 V el fra værk
1014," Göteborg Plads 8, 3. th 2150 Nordhavn ",1447500.0,2017-02-08, Handelstype Alm. frit salg,https://www.boliga.dk//salg/info/101/17631/78A2A5AF-72D2-49C7-A610-D841363984AC,https://www.boliga.dk//bbrinfo/78a2a5af-72d2-49c7-a610-d841363984ac,"(55.70695451, 12.59774378)","Göteborg Plads 8, 4., 2150 Nordhavn",0101,Egentlig beboelseslejlighed,Eget køkken med afløb,"Bolig i etageejendom, flerfamiliehus eller to-familiehus",Badeværelse i enheden,78, 1,78,Vandskyllende toilet i enheden,3, 1,400 V el fra værk
1015," Göteborg Plads 8, 3. th 2150 Nordhavn ",2150000.0,2013-04-01, Handelstype Alm. frit salg,https://www.boliga.dk//salg/info/101/17631/78A2A5AF-72D2-49C7-A610-D841363984AC,https://www.boliga.dk//bbrinfo/78a2a5af-72d2-49c7-a610-d841363984ac,"(55.70695451, 12.59774378)","Göteborg Plads 8, 4., 2150 Nordhavn",0101,Egentlig beboelseslejlighed,Eget køkken med afløb,"Bolig i etageejendom, flerfamiliehus eller to-familiehus",Badeværelse i enheden,78, 1,78,Vandskyllende toilet i enheden,3, 1,400 V el fra værk
1016," Fortkaj 30, 11. th 2150 Nordhavn ",20094996.0,2017-01-02, Handelstype Alm. frit salg,https://www.boliga.dk//salg/info/101/23292/2A012FFC-FA12-456F-80BF-CA0C1A217D04,https://www.boliga.dk//bbrinfo/2a012ffc-fa12-456f-80bf-ca0c1a217d04,"(55.70839574, 12.59807131)","Fortkaj 30, 2150 Nordhavn",0101,Egentlig beboelseslejlighed,Eget køkken med afløb,"Bolig i etageejendom, flerfamiliehus eller to-familiehus",Badeværelse i enheden,295, 3,295,Vandskyllende toilet i enheden,5, 3,400 V el fra værk
1017, Sundkaj 51 2150 Nordhavn ,8565044.0,2017-01-02, Handelstype Alm. frit salg,https://www.boliga.dk//salg/info/101/25466/9B08C5F6-AD15-4EA5-BC28-B880B09D9467,https://www.boliga.dk//bbrinfo/9b08c5f6-ad15-4ea5-bc28-b880b09d9467,"(55.71024931, 12.5970262)","Sundkaj 51, 2150 Nordhavn",0101,Egentlig beboelseslejlighed,Eget køkken med afløb,"Række-, kæde- og klyngehus",Badeværelse i enheden,154, 2,154,Vandskyllende toilet i enheden,5, 2,400 V el fra værk
1018," Trelleborggade 14, 4. tv 2150 Nordhavn ",7100000.0,2017-02-20, Handelstype Alm. frit salg,https://www.boliga.dk//salg/info/101/21406/911D5F33-F0F3-4DA6-8B25-BEF521752DF4,https://www.boliga.dk//bbrinfo/911d5f33-f0f3-4da6-8b25-bef521752df4,"(55.70661575, 12.59357322)","Trelleborggade 14, 5., 2150 Nordhavn",0101,Egentlig beboelseslejlighed,Eget køkken med afløb,"Bolig i etageejendom, flerfamiliehus eller to-familiehus",Badeværelse i enheden,118, 1,118,Vandskyllende toilet i enheden,4, 1,-
1019," Antwerpengade 13, 1. 3 2150 Nordhavn ",2950000.0,2017-03-01, Handelstype Alm. frit salg,https://www.boliga.dk//salg/info/101/16527/3B577167-5D62-4C0B-95E4-6E1FDEB1F4DC,https://www.boliga.dk//bbrinfo/3b577167-5d62-4c0b-95e4-6e1fdeb1f4dc,"(55.70731023, 12.5960295)","Antwerpengade 13, 1. 1, 2150 Nordhavn",0101,Egentlig beboelseslejlighed,Eget køkken med afløb,"Bolig i etageejendom, flerfamiliehus eller to-familiehus",Badeværelse i enheden,72, 1,72,Vandskyllende toilet i enheden,2, 1,-
1020," Antwerpengade 13, 1. 3 2150 Nordhavn ",2675000.0,2015-01-30, Handelstype Alm. frit salg,https://www.boliga.dk//salg/info/101/16527/3B577167-5D62-4C0B-95E4-6E1FDEB1F4DC,https://www.boliga.dk//bbrinfo/3b577167-5d62-4c0b-95e4-6e1fdeb1f4dc,"(55.70731023, 12.5960295)","Antwerpengade 13, 1. 1, 2150 Nordhavn",0101,Egentlig beboelseslejlighed,Eget køkken med afløb,"Bolig i etageejendom, flerfamiliehus eller to-familiehus",Badeværelse i enheden,72, 1,72,Vandskyllende toilet i enheden,2, 1,-
1021," Sundkaj 3, 1. th 2150 Nordhavn ",6618469.0,2017-02-10, Handelstype Alm. frit salg,https://www.boliga.dk//salg/info/101/33571/654D9E32-37EB-4B4B-9A77-BD68DA8203BF,https://www.boliga.dk//bbrinfo/654d9e32-37eb-4b4b-9a77-bd68da8203bf,"(55.71032371, 12.59541217)","Sundkaj 3, 3. th, 2150 Nordhavn",0101,Egentlig beboelseslejlighed,Eget køkken med afløb,"Bolig i etageejendom, flerfamiliehus eller to-familiehus",Badeværelse i enheden,133, 2,133,Vandskyllende toilet i enheden,4, 2,-
1022," Sundkaj 67, 4. th 2150 Nordhavn ",9229774.0,2017-02-10, Handelstype Alm. frit salg,https://www.boliga.dk//salg/info/101/27136/9AF80C71-0E5C-4E2D-8937-21C4B0830206,https://www.boliga.dk//bbrinfo/9af80c71-0e5c-4e2d-8937-21c4b0830206,"(55.70992515, 12.5969924)","Sundkaj 67, 5., 2150 Nordhavn",0101,Egentlig beboelseslejlighed,Eget køkken med afløb,"Bolig i etageejendom, flerfamiliehus eller to-familiehus",Badeværelse i enheden,159, 2,159,Vandskyllende toilet i enheden,4, 2,400 V el fra værk
1023," Trelleborggade 6, 1. tv 2150 Nordhavn ",6825000.0,2017-02-06, Handelstype Alm. frit salg,https://www.boliga.dk//salg/info/101/18807/C761E1E9-FB45-4FDB-990C-934D7458DFA6,https://www.boliga.dk//bbrinfo/c761e1e9-fb45-4fdb-990c-934d7458dfa6,"(55.70628248, 12.59224217)","Trelleborggade 6, 4., 2150 Nordhavn",0101,Egentlig beboelseslejlighed,Eget køkken med afløb,"Bolig i etageejendom, flerfamiliehus eller to-familiehus",Badeværelse i enheden,147, 2,147,Vandskyllende toilet i enheden,4, 2,-
1024," Fortkaj 30, 15. th 2150 Nordhavn ",24155000.0,2017-02-02, Handelstype Alm. frit salg,https://www.boliga.dk//salg/info/101/23296/61AC92E1-F529-40BF-9463-7B62BB49DC3F,https://www.boliga.dk//bbrinfo/61ac92e1-f529-40bf-9463-7b62bb49dc3f,"(55.70839574, 12.59807131)","Fortkaj 30, 2150 Nordhavn",0101,Egentlig beboelseslejlighed,Eget køkken med afløb,"Bolig i etageejendom, flerfamiliehus eller to-familiehus",Badeværelse i enheden,339, 2,339,Vandskyllende toilet i enheden,5, 3,400 V el fra værk
1025," Fortkaj 30, 15. th 2150 Nordhavn ",20655000.0,2015-04-01, Handelstype Alm. frit salg,https://www.boliga.dk//salg/info/101/23296/61AC92E1-F529-40BF-9463-7B62BB49DC3F,https://www.boliga.dk//bbrinfo/61ac92e1-f529-40bf-9463-7b62bb49dc3f,"(55.70839574, 12.59807131)","Fortkaj 30, 2150 Nordhavn",0101,Egentlig beboelseslejlighed,Eget køkken med afløb,"Bolig i etageejendom, flerfamiliehus eller to-familiehus",Badeværelse i enheden,339, 2,339,Vandskyllende toilet i enheden,5, 3,400 V el fra værk
1026," Sundkaj 73, 2. th 2150 Nordhavn ",3226642.0,2017-01-30, Handelstype Alm. frit salg,https://www.boliga.dk//salg/info/101/27096/37422996-CE22-4E4B-8041-4BF71C5E360E,https://www.boliga.dk//bbrinfo/37422996-ce22-4e4b-8041-4bf71c5e360e,"(55.7099848, 12.59770868)","Sundkaj 73, 1. th, 2150 Nordhavn",0101,Egentlig beboelseslejlighed,Eget køkken med afløb,"Bolig i etageejendom, flerfamiliehus eller to-familiehus",Badeværelse i enheden,68, 1,68,Vandskyllende toilet i enheden,2, 1,400 V el fra værk
1027," Sundkaj 67, 4. tv 2150 Nordhavn ",6667952.0,2017-06-02, Handelstype Alm. frit salg,https://www.boliga.dk//salg/info/101/27135/159FB8BF-CA44-4DAC-9B8B-617CABA0E349,https://www.boliga.dk//bbrinfo/159fb8bf-ca44-4dac-9b8b-617caba0e349,"(55.70992515, 12.5969924)","Sundkaj 67, 5., 2150 Nordhavn",0101,Egentlig beboelseslejlighed,Eget køkken med afløb,"Bolig i etageejendom, flerfamiliehus eller to-familiehus",Badeværelse i enheden,120, 2,120,Vandskyllende toilet i enheden,4, 2,400 V el fra værk
1028," Trelleborggade 14, 2. mf 2150 Nordhavn ",5300000.0,2017-04-02, Handelstype Alm. frit salg,https://www.boliga.dk//salg/info/101/21401/45529559-F77D-4B39-A4A7-0ED5BFB2A34D,https://www.boliga.dk//bbrinfo/45529559-f77d-4b39-a4a7-0ed5bfb2a34d,"(55.70661575, 12.59357322)","Trelleborggade 14, 5., 2150 Nordhavn",0101,Egentlig beboelseslejlighed,Eget køkken med afløb,"Bolig i etageejendom, flerfamiliehus eller to-familiehus",Badeværelse i enheden,102, 2,102,Vandskyllende toilet i enheden,3, 2,-
1029," Trelleborggade 14, 2. mf 2150 Nordhavn ",4495000.0,2015-03-10, Handelstype Alm. frit salg,https://www.boliga.dk//salg/info/101/21401/45529559-F77D-4B39-A4A7-0ED5BFB2A34D,https://www.boliga.dk//bbrinfo/45529559-f77d-4b39-a4a7-0ed5bfb2a34d,"(55.70661575, 12.59357322)","Trelleborggade 14, 5., 2150 Nordhavn",0101,Egentlig beboelseslejlighed,Eget køkken med afløb,"Bolig i etageejendom, flerfamiliehus eller to-familiehus",Badeværelse i enheden,102, 2,102,Vandskyllende toilet i enheden,3, 2,-
1030," Sankt Petersborg Plads 2, 3. th 2150 Nordhavn ",6200000.0,2017-04-02, Handelstype Alm. frit salg,https://www.boliga.dk//salg/info/101/17547/78208F15-461B-4F5B-B652-E7AE49B0218B,https://www.boliga.dk//bbrinfo/78208f15-461b-4f5b-b652-e7ae49b0218b,"(55.70718713, 12.59799196)","Sankt Petersborg Plads 2, 2. th, 2150 Nordhavn",0101,Egentlig beboelseslejlighed,Eget køkken med afløb,"Bolig i etageejendom, flerfamiliehus eller to-familiehus",Badeværelse i enheden,131, 1,131,Vandskyllende toilet i enheden,4, 1,400 V el fra værk
1031," Sankt Petersborg Plads 2, 3. th 2150 Nordhavn ",4995000.0,2014-02-01, Handelstype Alm. frit salg,https://www.boliga.dk//salg/info/101/17547/78208F15-461B-4F5B-B652-E7AE49B0218B,https://www.boliga.dk//bbrinfo/78208f15-461b-4f5b-b652-e7ae49b0218b,"(55.70718713, 12.59799196)","Sankt Petersborg Plads 2, 2. th, 2150 Nordhavn",0101,Egentlig beboelseslejlighed,Eget køkken med afløb,"Bolig i etageejendom, flerfamiliehus eller to-familiehus",Badeværelse i enheden,131, 1,131,Vandskyllende toilet i enheden,4, 1,400 V el fra værk
1032," Trelleborggade 6, 3. tv 2150 Nordhavn ",7200000.0,2017-04-02, Handelstype Alm. frit salg,https://www.boliga.dk//salg/info/101/18823/28211DE4-FD74-4572-9F8C-E3E03B834803,https://www.boliga.dk//bbrinfo/28211de4-fd74-4572-9f8c-e3e03b834803,"(55.70628248, 12.59224217)","Trelleborggade 6, 4., 2150 Nordhavn",0101,Egentlig beboelseslejlighed,Eget køkken med afløb,"Bolig i etageejendom, flerfamiliehus eller to-familiehus",Badeværelse i enheden,147, 1,147,Vandskyllende toilet i enheden,4, 1,-
1033," Sundkaj 69, 5. tv 2150 Nordhavn ",9111270.0,2017-03-02, Handelstype Alm. frit salg,https://www.boliga.dk//salg/info/101/27125/C0FF160A-0C1A-4217-813F-E118F31E2DF8,https://www.boliga.dk//bbrinfo/c0ff160a-0c1a-4217-813f-e118f31e2df8,"(55.70987215, 12.59726353)","Sundkaj 69, 1. th, 2150 Nordhavn",0101,Egentlig beboelseslejlighed,Eget køkken med afløb,"Bolig i etageejendom, flerfamiliehus eller to-familiehus",Badeværelse i enheden,147, 2,147,Vandskyllende toilet i enheden,3, 2,400 V el fra værk
1034," Sankt Petersborg Plads 4, 4. th 2150 Nordhavn ",3450000.0,2017-09-01, Handelstype Alm. frit salg,https://www.boliga.dk//salg/info/101/17560/9DCE6E22-4647-4A8A-8376-74343170EEDF,https://www.boliga.dk//bbrinfo/9dce6e22-4647-4a8a-8376-74343170eedf,"(55.70721925, 12.59831326)","Sankt Petersborg Plads 4, 2150 Nordhavn",0101,Egentlig beboelseslejlighed,Eget køkken med afløb,"Bolig i etageejendom, flerfamiliehus eller to-familiehus",Badeværelse i enheden,70, 1,70,Vandskyllende toilet i enheden,2, 1,400 V el fra værk
1035," Sankt Petersborg Plads 4, 4. th 2150 Nordhavn ",2395000.0,2013-01-03, Handelstype Alm. frit salg,https://www.boliga.dk//salg/info/101/17560/9DCE6E22-4647-4A8A-8376-74343170EEDF,https://www.boliga.dk//bbrinfo/9dce6e22-4647-4a8a-8376-74343170eedf,"(55.70721925, 12.59831326)","Sankt Petersborg Plads 4, 2150 Nordhavn",0101,Egentlig beboelseslejlighed,Eget køkken med afløb,"Bolig i etageejendom, flerfamiliehus eller to-familiehus",Badeværelse i enheden,70, 1,70,Vandskyllende toilet i enheden,2, 1,400 V el fra værk
1036," Sandkaj 17, 1. th 2150 Nordhavn ",6995000.0,2017-06-01, Handelstype Alm. frit salg,https://www.boliga.dk//salg/info/101/21479/5799615E-F804-4AFF-BD6C-7C42235B12A1,https://www.boliga.dk//bbrinfo/5799615e-f804-4aff-bd6c-7c42235b12a1,"(55.70637451, 12.59427245)","Sandkaj 17, 1. th, 2150 Nordhavn",0101,Egentlig beboelseslejlighed,Eget køkken med afløb,"Bolig i etageejendom, flerfamiliehus eller to-familiehus",Badeværelse i enheden,126, 2,126,Vandskyllende toilet i enheden,4, 2,-
1037," Trelleborggade 4, 5. th 2150 Nordhavn ",5745000.0,2016-01-02, Handelstype Alm. frit salg,https://www.boliga.dk//salg/info/101/18834/D747DE80-6F4A-4441-8F56-730BB29209FF,https://www.boliga.dk//bbrinfo/d747de80-6f4a-4441-8f56-730bb29209ff,"(55.70626356, 12.592053)","Trelleborggade 4, 4. th, 2150 Nordhavn",0101,Egentlig beboelseslejlighed,Eget køkken med afløb,"Bolig i etageejendom, flerfamiliehus eller to-familiehus",Badeværelse i enheden,107, 1,107,Vandskyllende toilet i enheden,3, 1,-
1038," Sandkaj 13, 5. th 2150 Nordhavn ",9900000.0,2016-06-01, Handelstype Alm. frit salg,https://www.boliga.dk//salg/info/101/21462/1711754E-8CF6-46FB-B54C-5C04A4402067,https://www.boliga.dk//bbrinfo/1711754e-8cf6-46fb-b54c-5c04a4402067,"(55.70631673, 12.5937128)","Sandkaj 13, 1. th, 2150 Nordhavn",0101,Egentlig beboelseslejlighed,Eget køkken med afløb,"Bolig i etageejendom, flerfamiliehus eller to-familiehus",Badeværelse i enheden,139, 2,139,Vandskyllende toilet i enheden,4, 2,-
1039," Sandkaj 13, 5. th 2150 Nordhavn ",8750000.0,2016-03-30, Handelstype Alm. frit salg,https://www.boliga.dk//salg/info/101/21462/1711754E-8CF6-46FB-B54C-5C04A4402067,https://www.boliga.dk//bbrinfo/1711754e-8cf6-46fb-b54c-5c04a4402067,"(55.70631673, 12.5937128)","Sandkaj 13, 1. th, 2150 Nordhavn",0101,Egentlig beboelseslejlighed,Eget køkken med afløb,"Bolig i etageejendom, flerfamiliehus eller to-familiehus",Badeværelse i enheden,139, 2,139,Vandskyllende toilet i enheden,4, 2,-
1040," Sandkaj 13, 1. tv 2150 Nordhavn ",6995000.0,2016-12-08, Handelstype Alm. frit salg,https://www.boliga.dk//salg/info/101/21452/C18917F4-DB3D-48B3-820A-B55AA22D6F9F,https://www.boliga.dk//bbrinfo/c18917f4-db3d-48b3-820a-b55aa22d6f9f,"(55.70631673, 12.5937128)","Sandkaj 13, 1. th, 2150 Nordhavn",0101,Egentlig beboelseslejlighed,Eget køkken med afløb,"Bolig i etageejendom, flerfamiliehus eller to-familiehus",Badeværelse i enheden,126, 2,126,Vandskyllende toilet i enheden,4, 2,-
1041," Helsinkigade 18, 6. 1 2150 Nordhavn ",7002591.0,2016-09-02, Handelstype Alm. frit salg,https://www.boliga.dk//salg/info/101/21583/F4249151-A14D-432D-A95B-E4DF5E07A049,https://www.boliga.dk//bbrinfo/f4249151-a14d-432d-a95b-e4df5e07a049,"(55.70798351, 12.59704886)","Helsinkigade 18, 2. 2, 2150 Nordhavn",0101,Egentlig beboelseslejlighed,Eget køkken med afløb,"Bolig i etageejendom, flerfamiliehus eller to-familiehus",Badeværelse i enheden,142, 2,142,Vandskyllende toilet i enheden,4, 2,-
1042," Helsinkigade 18, 7. 1 2150 Nordhavn ",7245832.0,2016-09-02, Handelstype Alm. frit salg,https://www.boliga.dk//salg/info/101/21587/18EC8F37-CB07-4ECE-890A-8D9323632DBB,https://www.boliga.dk//bbrinfo/18ec8f37-cb07-4ece-890a-8d9323632dbb,"(55.70798351, 12.59704886)","Helsinkigade 18, 2. 2, 2150 Nordhavn",0101,Egentlig beboelseslejlighed,Eget køkken med afløb,"Bolig i etageejendom, flerfamiliehus eller to-familiehus",Badeværelse i enheden,142, 2,142,Vandskyllende toilet i enheden,4, 2,-
1043," Sundkaj 69, 4. th 2150 Nordhavn ",5728107.0,2016-08-02, Handelstype Alm. frit salg,https://www.boliga.dk//salg/info/101/27124/ABA81439-4EB9-4478-8183-B17FF4654022,https://www.boliga.dk//bbrinfo/aba81439-4eb9-4478-8183-b17ff4654022,"(55.70987215, 12.59726353)","Sundkaj 69, 1. th, 2150 Nordhavn",0101,Egentlig beboelseslejlighed,Eget køkken med afløb,"Bolig i etageejendom, flerfamiliehus eller to-familiehus",Badeværelse i enheden,106, 2,106,Vandskyllende toilet i enheden,3, 2,400 V el fra værk
1044," Sundkaj 73, 2. tv 2150 Nordhavn ",3957400.0,2016-02-02, Handelstype Alm. frit salg,https://www.boliga.dk//salg/info/101/27095/E2CA6DA8-CE1B-46F0-B95D-BBB24988B220,https://www.boliga.dk//bbrinfo/e2ca6da8-ce1b-46f0-b95d-bbb24988b220,"(55.7099848, 12.59770868)","Sundkaj 73, 1. th, 2150 Nordhavn",0101,Egentlig beboelseslejlighed,Eget køkken med afløb,"Bolig i etageejendom, flerfamiliehus eller to-familiehus",Badeværelse i enheden,81, 1,81,Vandskyllende toilet i enheden,3, 1,400 V el fra værk
1045," Sundkaj 3, 1. tv 2150 Nordhavn ",3496000.0,2016-05-01, Handelstype Alm. frit salg,https://www.boliga.dk//salg/info/101/33569/15176A79-7893-4D1A-854F-7414916D3CC8,https://www.boliga.dk//bbrinfo/15176a79-7893-4d1a-854f-7414916d3cc8,"(55.71032371, 12.59541217)","Sundkaj 3, 3. th, 2150 Nordhavn",0101,Egentlig beboelseslejlighed,Eget køkken med afløb,"Bolig i etageejendom, flerfamiliehus eller to-familiehus",Badeværelse i enheden,74, 1,74,Vandskyllende toilet i enheden,3, 1,-
1046," Helsinkigade 20, 2. 3 2150 Nordhavn ",4100803.0,2016-07-02, Handelstype Alm. frit salg,https://www.boliga.dk//salg/info/101/21612/F8061AD4-7CBC-4CD9-97A1-DAB97255E72C,https://www.boliga.dk//bbrinfo/f8061ad4-7cbc-4cd9-97a1-dab97255e72c,"(55.70792825, 12.59733266)","Helsinkigade 20, 10., 2150 Nordhavn",0101,Egentlig beboelseslejlighed,Eget køkken med afløb,"Bolig i etageejendom, flerfamiliehus eller to-familiehus",Badeværelse i enheden,110, 1,110,Vandskyllende toilet i enheden,3, 1,-
1047," Sundkaj 75, 2. th 2150 Nordhavn ",3170000.0,2016-09-01, Handelstype Alm. frit salg,https://www.boliga.dk//salg/info/101/27086/03ECD231-2164-4937-A651-B22833DD436D,https://www.boliga.dk//bbrinfo/03ecd231-2164-4937-a651-b22833dd436d,"(55.71005876, 12.59775928)","Sundkaj 75, 4., 2150 Nordhavn",0101,Egentlig beboelseslejlighed,Eget køkken med afløb,"Bolig i etageejendom, flerfamiliehus eller to-familiehus",Badeværelse i enheden,70, 1,70,Vandskyllende toilet i enheden,2, 1,400 V el fra værk
1048," Helsinkigade 20, 5. 4 2150 Nordhavn ",6800000.0,2016-04-01, Handelstype Alm. frit salg,https://www.boliga.dk//salg/info/101/21624/584B5F9C-EEDD-46CE-B8DA-92E035199554,https://www.boliga.dk//bbrinfo/584b5f9c-eedd-46ce-b8da-92e035199554,"(55.70792825, 12.59733266)","Helsinkigade 20, 10., 2150 Nordhavn",0101,Egentlig beboelseslejlighed,Eget køkken med afløb,"Bolig i etageejendom, flerfamiliehus eller to-familiehus",Badeværelse i enheden,151, 2,151,Vandskyllende toilet i enheden,3, 2,-
1049," Sundkaj 7, 5. th 2150 Nordhavn ",7583704.0,2016-03-01, Handelstype Alm. frit salg,https://www.boliga.dk//salg/info/101/33604/230E917A-AAD6-4FCD-A36D-D11F3BF24F6E,https://www.boliga.dk//bbrinfo/230e917a-aad6-4fcd-a36d-d11f3bf24f6e,"(55.71034171, 12.59488289)","Sundkaj 7, 1. th, 2150 Nordhavn",0101,Egentlig beboelseslejlighed,Eget køkken med afløb,"Bolig i etageejendom, flerfamiliehus eller to-familiehus",Badeværelse i enheden,114, 1,114,Vandskyllende toilet i enheden,4, 2,-
1050," Sundkaj 75, st. th 2150 Nordhavn ",2246895.0,2016-10-10, Handelstype Alm. frit salg,https://www.boliga.dk//salg/info/101/27080/076A099E-69FF-4B71-ADF3-6BE290C049F8,https://www.boliga.dk//bbrinfo/076a099e-69ff-4b71-adf3-6be290c049f8,"(55.71005876, 12.59775928)","Sundkaj 75, 4., 2150 Nordhavn",0101,Egentlig beboelseslejlighed,Eget køkken med afløb,"Bolig i etageejendom, flerfamiliehus eller to-familiehus",Badeværelse i enheden,58, 1,58,Vandskyllende toilet i enheden,2, 1,400 V el fra værk
1051," Sundkaj 71, 3. tv 2150 Nordhavn ",4031963.0,2016-10-10, Handelstype Alm. frit salg,https://www.boliga.dk//salg/info/101/27108/72F4B1F4-C8F9-46DB-877A-FD0B68B79AD6,https://www.boliga.dk//bbrinfo/72f4b1f4-c8f9-46db-877a-fd0b68b79ad6,"(55.70985657, 12.59763541)","Sundkaj 71, 5., 2150 Nordhavn",0101,Egentlig beboelseslejlighed,Eget køkken med afløb,"Bolig i etageejendom, flerfamiliehus eller to-familiehus",Badeværelse i enheden,80, 1,80,Vandskyllende toilet i enheden,3, 1,400 V el fra værk
1052," Sundkaj 3, 2. tv 2150 Nordhavn ",3615933.0,2016-10-07, Handelstype Alm. frit salg,https://www.boliga.dk//salg/info/101/33572/73C4897C-0BC0-4DDE-B448-3C61C12A1CAF,https://www.boliga.dk//bbrinfo/73c4897c-0bc0-4dde-b448-3c61c12a1caf,"(55.71032371, 12.59541217)","Sundkaj 3, 3. th, 2150 Nordhavn",0101,Egentlig beboelseslejlighed,Eget køkken med afløb,"Bolig i etageejendom, flerfamiliehus eller to-familiehus",Badeværelse i enheden,74, 1,74,Vandskyllende toilet i enheden,3, 1,-
1053," Sundkaj 69, 5. th 2150 Nordhavn ",8069379.0,2016-10-03, Handelstype Alm. frit salg,https://www.boliga.dk//salg/info/101/27126/FD2D56CF-6479-4B9E-99EF-DC6C885B3AF4,https://www.boliga.dk//bbrinfo/fd2d56cf-6479-4b9e-99ef-dc6c885b3af4,"(55.70987215, 12.59726353)","Sundkaj 69, 1. th, 2150 Nordhavn",0101,Egentlig beboelseslejlighed,Eget køkken med afløb,"Bolig i etageejendom, flerfamiliehus eller to-familiehus",Badeværelse i enheden,134, 2,134,Vandskyllende toilet i enheden,3, 2,400 V el fra værk
1054," Sundkaj 3, st. th 2150 Nordhavn ",2595000.0,2016-09-05, Handelstype Alm. frit salg,https://www.boliga.dk//salg/info/101/33567/E36E6DB6-3E54-4B54-BD38-11C2286C97C0,https://www.boliga.dk//bbrinfo/e36e6db6-3e54-4b54-bd38-11c2286c97c0,"(55.71032371, 12.59541217)","Sundkaj 3, 3. th, 2150 Nordhavn",0101,Egentlig beboelseslejlighed,Eget køkken med afløb,"Bolig i etageejendom, flerfamiliehus eller to-familiehus",Badeværelse i enheden,57, 1,57,Vandskyllende toilet i enheden,2, 1,-
1055," Helsinkigade 20, 8. 4 2150 Nordhavn ",7700000.0,2016-04-02, Handelstype Alm. frit salg,https://www.boliga.dk//salg/info/101/21638/1BE67763-D6B0-45DA-9B6A-5B9A9745547C,https://www.boliga.dk//bbrinfo/1be67763-d6b0-45da-9b6a-5b9a9745547c,"(55.70792825, 12.59733266)","Helsinkigade 20, 10., 2150 Nordhavn",0101,Egentlig beboelseslejlighed,Eget køkken med afløb,"Bolig i etageejendom, flerfamiliehus eller to-familiehus",Badeværelse i enheden,151, 2,151,Vandskyllende toilet i enheden,3, 2,-
1056," Antwerpengade 15, 2. tv 2150 Nordhavn ",5100000.0,2016-03-02, Handelstype Alm. frit salg,https://www.boliga.dk//salg/info/101/15813/FFFF85D8-9CDD-4EC9-B98E-DDD851C447B6,https://www.boliga.dk//bbrinfo/ffff85d8-9cdd-4ec9-b98e-ddd851c447b6,"(55.7073385, 12.59625824)","Antwerpengade 15, 1. mf, 2150 Nordhavn",0101,Egentlig beboelseslejlighed,Eget køkken med afløb,"Bolig i etageejendom, flerfamiliehus eller to-familiehus",Badeværelse i enheden,114, 1,114,Vandskyllende toilet i enheden,4, 1,-
1057," Antwerpengade 15, 2. tv 2150 Nordhavn ",4003201.0,2013-06-01, Handelstype Alm. frit salg,https://www.boliga.dk//salg/info/101/15813/FFFF85D8-9CDD-4EC9-B98E-DDD851C447B6,https://www.boliga.dk//bbrinfo/ffff85d8-9cdd-4ec9-b98e-ddd851c447b6,"(55.7073385, 12.59625824)","Antwerpengade 15, 1. mf, 2150 Nordhavn",0101,Egentlig beboelseslejlighed,Eget køkken med afløb,"Bolig i etageejendom, flerfamiliehus eller to-familiehus",Badeværelse i enheden,114, 1,114,Vandskyllende toilet i enheden,4, 1,-
1058," Sundkaj 73, 3. th 2150 Nordhavn ",3116520.0,2016-02-02, Handelstype Alm. frit salg,https://www.boliga.dk//salg/info/101/27098/CEF34721-5FCB-4ED4-82ED-F9136035FA68,https://www.boliga.dk//bbrinfo/cef34721-5fcb-4ed4-82ed-f9136035fa68,"(55.7099848, 12.59770868)","Sundkaj 73, 1. th, 2150 Nordhavn",0101,Egentlig beboelseslejlighed,Eget køkken med afløb,"Bolig i etageejendom, flerfamiliehus eller to-familiehus",Badeværelse i enheden,68, 1,68,Vandskyllende toilet i enheden,2, 1,400 V el fra værk
1059," Sankt Petersborg Plads 4, st. th 2150 Nordhavn ",2250000.0,2016-06-01, Handelstype Familieoverdragelse,https://www.boliga.dk//salg/info/101/17551/42600D14-F477-43BE-A90F-C11FDBD4B3CE,https://www.boliga.dk//bbrinfo/42600d14-f477-43be-a90f-c11fdbd4b3ce,"(55.70721925, 12.59831326)","Sankt Petersborg Plads 4, 2150 Nordhavn",0101,Egentlig beboelseslejlighed,Eget køkken med afløb,"Bolig i etageejendom, flerfamiliehus eller to-familiehus",Badeværelse i enheden,88, 1,88,Vandskyllende toilet i enheden,2, 1,400 V el fra værk
1060," Sankt Petersborg Plads 4, st. th 2150 Nordhavn ",2995000.0,2014-08-02, Handelstype Alm. frit salg,https://www.boliga.dk//salg/info/101/17551/42600D14-F477-43BE-A90F-C11FDBD4B3CE,https://www.boliga.dk//bbrinfo/42600d14-f477-43be-a90f-c11fdbd4b3ce,"(55.70721925, 12.59831326)","Sankt Petersborg Plads 4, 2150 Nordhavn",0101,Egentlig beboelseslejlighed,Eget køkken med afløb,"Bolig i etageejendom, flerfamiliehus eller to-familiehus",Badeværelse i enheden,88, 1,88,Vandskyllende toilet i enheden,2, 1,400 V el fra værk
1061," Århusgade 142, 3. tv 2150 Nordhavn ",4800000.0,2016-08-10, Handelstype Alm. frit salg,https://www.boliga.dk//salg/info/101/15830/90988E9E-063F-43F3-8355-1E8F60310268,https://www.boliga.dk//bbrinfo/90988e9e-063f-43f3-8355-1e8f60310268,"(55.70766809, 12.59612213)","Århusgade 142, 1. mf, 2150 Nordhavn",0101,Egentlig beboelseslejlighed,Eget køkken med afløb,"Bolig i etageejendom, flerfamiliehus eller to-familiehus",Badeværelse i enheden,122, 1,122,Vandskyllende toilet i enheden,3, 1,-
1062," Århusgade 142, 3. tv 2150 Nordhavn ",3788640.0,2013-01-01, Handelstype Alm. frit salg,https://www.boliga.dk//salg/info/101/15830/90988E9E-063F-43F3-8355-1E8F60310268,https://www.boliga.dk//bbrinfo/90988e9e-063f-43f3-8355-1e8f60310268,"(55.70766809, 12.59612213)","Århusgade 142, 1. mf, 2150 Nordhavn",0101,Egentlig beboelseslejlighed,Eget køkken med afløb,"Bolig i etageejendom, flerfamiliehus eller to-familiehus",Badeværelse i enheden,122, 1,122,Vandskyllende toilet i enheden,3, 1,-
1063," Sundkaj 3, st. tv 2150 Nordhavn ",5765527.0,2016-08-08, Handelstype Alm. frit salg,https://www.boliga.dk//salg/info/101/33568/BE41B31B-C512-42A8-878D-A0B21B371F7B,https://www.boliga.dk//bbrinfo/be41b31b-c512-42a8-878d-a0b21b371f7b,"(55.71032371, 12.59541217)","Sundkaj 3, 3. th, 2150 Nordhavn",0101,Egentlig beboelseslejlighed,Eget køkken med afløb,"Bolig i etageejendom, flerfamiliehus eller to-familiehus",Badeværelse i enheden,120, 2,120,Vandskyllende toilet i enheden,4, 2,-
1064, Sundkaj 45 2150 Nordhavn ,10356181.0,2016-08-04, Handelstype Alm. frit salg,https://www.boliga.dk//salg/info/101/25463/53F23975-67B5-423C-9F83-0D0316F0B99F,https://www.boliga.dk//bbrinfo/53f23975-67b5-423c-9f83-0d0316f0b99f,"(55.71029068, 12.59684191)","Sundkaj 45, 2150 Nordhavn",0101,Egentlig beboelseslejlighed,Eget køkken med afløb,"Række-, kæde- og klyngehus",Badeværelse i enheden,195, 2,195,Vandskyllende toilet i enheden,5, 2,400 V el fra værk
1065," Århusgade 142, 2. tv 2150 Nordhavn ",4795000.0,2016-09-02, Handelstype Alm. frit salg,https://www.boliga.dk//salg/info/101/15828/8CA7C5B7-2969-498A-BC76-A098B0DB8402,https://www.boliga.dk//bbrinfo/8ca7c5b7-2969-498a-bc76-a098b0db8402,"(55.70766809, 12.59612213)","Århusgade 142, 1. mf, 2150 Nordhavn",0101,Egentlig beboelseslejlighed,Eget køkken med afløb,"Bolig i etageejendom, flerfamiliehus eller to-familiehus",Badeværelse i enheden,122, 1,122,Vandskyllende toilet i enheden,4, 1,-
1066," Århusgade 142, 2. tv 2150 Nordhavn ",3617370.0,2013-10-07, Handelstype Alm. frit salg,https://www.boliga.dk//salg/info/101/15828/8CA7C5B7-2969-498A-BC76-A098B0DB8402,https://www.boliga.dk//bbrinfo/8ca7c5b7-2969-498a-bc76-a098b0db8402,"(55.70766809, 12.59612213)","Århusgade 142, 1. mf, 2150 Nordhavn",0101,Egentlig beboelseslejlighed,Eget køkken med afløb,"Bolig i etageejendom, flerfamiliehus eller to-familiehus",Badeværelse i enheden,122, 1,122,Vandskyllende toilet i enheden,4, 1,-
1067, Sundkaj 63 2150 Nordhavn ,8055027.0,2016-06-02, Handelstype Alm. frit salg,https://www.boliga.dk//salg/info/101/25473/7ADCFFF1-B3A6-49A8-A83E-5E68D197BF39,https://www.boliga.dk//bbrinfo/7adcfff1-b3a6-49a8-a83e-5e68d197bf39,"(55.71016392, 12.59742972)","Sundkaj 63, 2150 Nordhavn",0101,Egentlig beboelseslejlighed,Eget køkken med afløb,"Række-, kæde- og klyngehus",Badeværelse i enheden,154, 2,154,Vandskyllende toilet i enheden,5, 2,400 V el fra værk
1068," Antwerpengade 13, 2. 1 2150 Nordhavn ",6580000.0,2016-02-02, Handelstype Alm. frit salg,https://www.boliga.dk//salg/info/101/16539/2CA4175E-D3D9-4674-9C97-45BB3D6C4CDB,https://www.boliga.dk//bbrinfo/2ca4175e-d3d9-4674-9c97-45bb3d6c4cdb,"(55.70731023, 12.5960295)","Antwerpengade 13, 1. 1, 2150 Nordhavn",0101,Egentlig beboelseslejlighed,Eget køkken med afløb,"Bolig i etageejendom, flerfamiliehus eller to-familiehus",Badeværelse i enheden,146, 2,146,Vandskyllende toilet i enheden,5, 2,-
1069," Sankt Petersborg Plads 4, 2. th 2150 Nordhavn ",3220000.0,2016-07-01, Handelstype Alm. frit salg,https://www.boliga.dk//salg/info/101/17555/3C415695-0E93-4682-9785-A264BAB8014A,https://www.boliga.dk//bbrinfo/3c415695-0e93-4682-9785-a264bab8014a,"(55.70721925, 12.59831326)","Sankt Petersborg Plads 4, 2150 Nordhavn",0101,Egentlig beboelseslejlighed,Eget køkken med afløb,"Bolig i etageejendom, flerfamiliehus eller to-familiehus",Badeværelse i enheden,70, 1,70,Vandskyllende toilet i enheden,2, 1,400 V el fra værk
1070," Sankt Petersborg Plads 4, 2. th 2150 Nordhavn ",2295000.0,2013-11-07, Handelstype Alm. frit salg,https://www.boliga.dk//salg/info/101/17555/3C415695-0E93-4682-9785-A264BAB8014A,https://www.boliga.dk//bbrinfo/3c415695-0e93-4682-9785-a264bab8014a,"(55.70721925, 12.59831326)","Sankt Petersborg Plads 4, 2150 Nordhavn",0101,Egentlig beboelseslejlighed,Eget køkken med afløb,"Bolig i etageejendom, flerfamiliehus eller to-familiehus",Badeværelse i enheden,70, 1,70,Vandskyllende toilet i enheden,2, 1,400 V el fra værk
1071," Sundkaj 3, 2. th 2150 Nordhavn ",6449889.0,2016-04-01, Handelstype Alm. frit salg,https://www.boliga.dk//salg/info/101/33573/08B8E9D3-21B8-46E7-853D-8F7BDF4CE58B,https://www.boliga.dk//bbrinfo/08b8e9d3-21b8-46e7-853d-8f7bdf4ce58b,"(55.71032371, 12.59541217)","Sundkaj 3, 3. th, 2150 Nordhavn",0101,Egentlig beboelseslejlighed,Eget køkken med afløb,"Bolig i etageejendom, flerfamiliehus eller to-familiehus",Badeværelse i enheden,133, 2,133,Vandskyllende toilet i enheden,4, 2,-
1072," Sandkaj 13, 4. th 2150 Nordhavn ",9800000.0,2016-01-01, Handelstype Alm. frit salg,https://www.boliga.dk//salg/info/101/21460/EEA3A695-25B1-424D-8252-1C8B3A5379AA,https://www.boliga.dk//bbrinfo/eea3a695-25b1-424d-8252-1c8b3a5379aa,"(55.70631673, 12.5937128)","Sandkaj 13, 1. th, 2150 Nordhavn",0101,Egentlig beboelseslejlighed,Eget køkken med afløb,"Bolig i etageejendom, flerfamiliehus eller to-familiehus",Badeværelse i enheden,139, 2,139,Vandskyllende toilet i enheden,4, 2,-
1073," Sundkaj 1, 4. th 2150 Nordhavn ",6123954.0,2016-07-07, Handelstype Alm. frit salg,https://www.boliga.dk//salg/info/101/33566/EB592B4F-45D8-430E-AB09-F83D3E85A57D,https://www.boliga.dk//bbrinfo/eb592b4f-45d8-430e-ab09-f83d3e85a57d,"(55.71043548, 12.59549773)","Sundkaj 1, 2150 Nordhavn",0101,Egentlig beboelseslejlighed,Eget køkken med afløb,"Bolig i etageejendom, flerfamiliehus eller to-familiehus",Badeværelse i enheden,105, 1,105,Vandskyllende toilet i enheden,3, 2,-
1074," Sundkaj 3, 4. th 2150 Nordhavn ",8448511.0,2016-07-05, Handelstype Alm. frit salg,https://www.boliga.dk//salg/info/101/33577/525EE91A-98AD-42B2-914B-D3891C25A128,https://www.boliga.dk//bbrinfo/525ee91a-98ad-42b2-914b-d3891c25a128,"(55.71032371, 12.59541217)","Sundkaj 3, 3. th, 2150 Nordhavn",0101,Egentlig beboelseslejlighed,Eget køkken med afløb,"Bolig i etageejendom, flerfamiliehus eller to-familiehus",Badeværelse i enheden,150, 2,150,Vandskyllende toilet i enheden,4, 2,-
1075," Helsinkigade 18, 12. 2 2150 Nordhavn ",18000000.0,2016-07-04, Handelstype Alm. frit salg,https://www.boliga.dk//salg/info/101/21608/90FB2DF4-42AD-4086-8D50-39F10481E29F,https://www.boliga.dk//bbrinfo/90fb2df4-42ad-4086-8d50-39f10481e29f,"(55.70798351, 12.59704886)","Helsinkigade 18, 2. 2, 2150 Nordhavn",0101,Egentlig beboelseslejlighed,Eget køkken med afløb,"Bolig i etageejendom, flerfamiliehus eller to-familiehus",Badeværelse i enheden,227, 1,227,Vandskyllende toilet i enheden,4, 2,-
1076," Sundkaj 1, 3. th 2150 Nordhavn ",4658167.0,2016-08-02, Handelstype Alm. frit salg,https://www.boliga.dk//salg/info/101/33564/BA3A633C-E7C4-4B28-8EC8-9D8E75335CA3,https://www.boliga.dk//bbrinfo/ba3a633c-e7c4-4b28-8ec8-9d8e75335ca3,"(55.71043548, 12.59549773)","Sundkaj 1, 2150 Nordhavn",0101,Egentlig beboelseslejlighed,Eget køkken med afløb,"Bolig i etageejendom, flerfamiliehus eller to-familiehus",Badeværelse i enheden,92, 1,92,Vandskyllende toilet i enheden,3, 2,-
1077," Antwerpengade 15, 1. th 2150 Nordhavn ",5675000.0,2016-07-02, Handelstype Alm. frit salg,https://www.boliga.dk//salg/info/101/15811/E40797F7-89E9-4508-BE2B-453ABDDB03DE,https://www.boliga.dk//bbrinfo/e40797f7-89e9-4508-be2b-453abddb03de,"(55.7073385, 12.59625824)","Antwerpengade 15, 1. mf, 2150 Nordhavn",0101,Egentlig beboelseslejlighed,Eget køkken med afløb,"Bolig i etageejendom, flerfamiliehus eller to-familiehus",Badeværelse i enheden,140, 1,140,Vandskyllende toilet i enheden,4, 2,-
1078," Antwerpengade 15, 1. th 2150 Nordhavn ",4560996.0,2013-12-03, Handelstype Alm. frit salg,https://www.boliga.dk//salg/info/101/15811/E40797F7-89E9-4508-BE2B-453ABDDB03DE,https://www.boliga.dk//bbrinfo/e40797f7-89e9-4508-be2b-453abddb03de,"(55.7073385, 12.59625824)","Antwerpengade 15, 1. mf, 2150 Nordhavn",0101,Egentlig beboelseslejlighed,Eget køkken med afløb,"Bolig i etageejendom, flerfamiliehus eller to-familiehus",Badeværelse i enheden,140, 1,140,Vandskyllende toilet i enheden,4, 2,-
1079," Sandkaj 13, 2. tv 2150 Nordhavn ",7195000.0,2016-04-02, Handelstype Alm. frit salg,https://www.boliga.dk//salg/info/101/21454/203B45F2-DA60-4C17-B8DB-CFD117D99CD1,https://www.boliga.dk//bbrinfo/203b45f2-da60-4c17-b8db-cfd117d99cd1,"(55.70631673, 12.5937128)","Sandkaj 13, 1. th, 2150 Nordhavn",0101,Egentlig beboelseslejlighed,Eget køkken med afløb,"Bolig i etageejendom, flerfamiliehus eller to-familiehus",Badeværelse i enheden,126, 2,126,Vandskyllende toilet i enheden,4, 2,-
1080," Sundkaj 1, st. tv 2150 Nordhavn ",3309286.0,2016-03-02, Handelstype Alm. frit salg,https://www.boliga.dk//salg/info/101/33557/D5B04DBC-1284-4C7B-AB94-E5B7381E2575,https://www.boliga.dk//bbrinfo/d5b04dbc-1284-4c7b-ab94-e5b7381e2575,"(55.71043548, 12.59549773)","Sundkaj 1, 2150 Nordhavn",0101,Egentlig beboelseslejlighed,Eget køkken med afløb,"Bolig i etageejendom, flerfamiliehus eller to-familiehus",Badeværelse i enheden,73, 1,73,Vandskyllende toilet i enheden,3, 1,-
1081," Sandkaj 15, 2. th 2150 Nordhavn ",7195000.0,2016-06-20, Handelstype Alm. frit salg,https://www.boliga.dk//salg/info/101/21469/1062A2F6-3687-4AE0-AC17-D55125038203,https://www.boliga.dk//bbrinfo/1062a2f6-3687-4ae0-ac17-d55125038203,"(55.70634293, 12.59398163)","Sandkaj 15, 5., 2150 Nordhavn",0101,Egentlig beboelseslejlighed,Eget køkken med afløb,"Bolig i etageejendom, flerfamiliehus eller to-familiehus",Badeværelse i enheden,127, 2,127,Vandskyllende toilet i enheden,4, 2,-
1082," Antwerpengade 13, 2. 5 2150 Nordhavn ",6195000.0,2016-07-02, Handelstype Alm. frit salg,https://www.boliga.dk//salg/info/101/16534/CABABA3B-6AB2-4E26-AED5-AAB2C3EE0CC4,https://www.boliga.dk//bbrinfo/cababa3b-6ab2-4e26-aed5-aab2c3ee0cc4,"(55.70731023, 12.5960295)","Antwerpengade 13, 1. 1, 2150 Nordhavn",0101,Egentlig beboelseslejlighed,Eget køkken med afløb,"Bolig i etageejendom, flerfamiliehus eller to-familiehus",Badeværelse i enheden,134, 2,134,Vandskyllende toilet i enheden,5, 2,-
1083," Sandkaj 13, 3. tv 2150 Nordhavn ",7295000.0,2016-02-01, Handelstype Alm. frit salg,https://www.boliga.dk//salg/info/101/21456/2EEF097E-77BD-4943-8010-039DACFC556B,https://www.boliga.dk//bbrinfo/2eef097e-77bd-4943-8010-039dacfc556b,"(55.70631673, 12.5937128)","Sandkaj 13, 1. th, 2150 Nordhavn",0101,Egentlig beboelseslejlighed,Eget køkken med afløb,"Bolig i etageejendom, flerfamiliehus eller to-familiehus",Badeværelse i enheden,126, 2,126,Vandskyllende toilet i enheden,4, 2,-
1084," Helsinkigade 18, 12. 1 2150 Nordhavn ",11578044.0,2016-01-01, Handelstype Alm. frit salg,https://www.boliga.dk//salg/info/101/21607/6089C77C-F463-4D35-B74E-6214FF293B5E,https://www.boliga.dk//bbrinfo/6089c77c-f463-4d35-b74e-6214ff293b5e,"(55.70798351, 12.59704886)","Helsinkigade 18, 2. 2, 2150 Nordhavn",0101,Egentlig beboelseslejlighed,Eget køkken med afløb,"Bolig i etageejendom, flerfamiliehus eller to-familiehus",Badeværelse i enheden,162, 2,162,Vandskyllende toilet i enheden,5, 2,-
1085," Helsinkigade 20, 11. 3 2150 Nordhavn ",10430784.0,2016-01-01, Handelstype Alm. frit salg,https://www.boliga.dk//salg/info/101/21647/D1102800-D778-44BB-BC4A-6083F50ECDA7,https://www.boliga.dk//bbrinfo/d1102800-d778-44bb-bc4a-6083f50ecda7,"(55.70792825, 12.59733266)","Helsinkigade 20, 10., 2150 Nordhavn",0101,Egentlig beboelseslejlighed,Eget køkken med afløb,"Bolig i etageejendom, flerfamiliehus eller to-familiehus",Badeværelse i enheden,171, 2,171,Vandskyllende toilet i enheden,4, 2,-
1086," Sandkaj 17, 1. tv 2150 Nordhavn ",7450000.0,2016-05-02, Handelstype Alm. frit salg,https://www.boliga.dk//salg/info/101/21478/3404BCDD-BC61-496B-8625-C742FE8750D5,https://www.boliga.dk//bbrinfo/3404bcdd-bc61-496b-8625-c742fe8750d5,"(55.70637451, 12.59427245)","Sandkaj 17, 1. th, 2150 Nordhavn",0101,Egentlig beboelseslejlighed,Eget køkken med afløb,"Bolig i etageejendom, flerfamiliehus eller to-familiehus",Badeværelse i enheden,134, 2,134,Vandskyllende toilet i enheden,4, 2,-
1087," Sundkaj 71, 4. tv 2150 Nordhavn ",4120360.0,2016-05-02, Handelstype Alm. frit salg,https://www.boliga.dk//salg/info/101/27110/8DB69887-31EA-4262-BC09-29467282E451,https://www.boliga.dk//bbrinfo/8db69887-31ea-4262-bc09-29467282e451,"(55.70985657, 12.59763541)","Sundkaj 71, 5., 2150 Nordhavn",0101,Egentlig beboelseslejlighed,Eget køkken med afløb,"Bolig i etageejendom, flerfamiliehus eller to-familiehus",Badeværelse i enheden,80, 1,80,Vandskyllende toilet i enheden,3, 1,400 V el fra værk
1088," Sundkaj 69, 3. tv 2150 Nordhavn ",6325707.0,2016-08-02, Handelstype Alm. frit salg,https://www.boliga.dk//salg/info/101/27121/7318C505-85CB-48A8-AB64-DA87EB01535A,https://www.boliga.dk//bbrinfo/7318c505-85cb-48a8-ab64-da87eb01535a,"(55.70987215, 12.59726353)","Sundkaj 69, 1. th, 2150 Nordhavn",0101,Egentlig beboelseslejlighed,Eget køkken med afløb,"Bolig i etageejendom, flerfamiliehus eller to-familiehus",Badeværelse i enheden,118, 2,118,Vandskyllende toilet i enheden,3, 2,400 V el fra værk
1089," Fortkaj 22, 3. tv 2150 Nordhavn ",4900000.0,2016-05-01, Handelstype Alm. frit salg,https://www.boliga.dk//salg/info/101/18699/3EE0F637-251B-498A-9DDC-0D5F400D10BA,https://www.boliga.dk//bbrinfo/3ee0f637-251b-498a-9ddc-0d5f400d10ba,"(55.70860402, 12.59680096)","Fortkaj 22, 1. th, 2150 Nordhavn",0101,Egentlig beboelseslejlighed,Eget køkken med afløb,"Bolig i etageejendom, flerfamiliehus eller to-familiehus",Badeværelse i enheden,94, 1,94,Vandskyllende toilet i enheden,3, 1,-
1090," Fortkaj 22, 3. tv 2150 Nordhavn ",4395000.0,2015-06-01, Handelstype Alm. frit salg,https://www.boliga.dk//salg/info/101/18699/3EE0F637-251B-498A-9DDC-0D5F400D10BA,https://www.boliga.dk//bbrinfo/3ee0f637-251b-498a-9ddc-0d5f400d10ba,"(55.70860402, 12.59680096)","Fortkaj 22, 1. th, 2150 Nordhavn",0101,Egentlig beboelseslejlighed,Eget køkken med afløb,"Bolig i etageejendom, flerfamiliehus eller to-familiehus",Badeværelse i enheden,94, 1,94,Vandskyllende toilet i enheden,3, 1,-
1091," Trelleborggade 6, 2. tv 2150 Nordhavn ",7195000.0,2016-04-01, Handelstype Alm. frit salg,https://www.boliga.dk//salg/info/101/18815/84C17C3D-3BFD-4AE6-8218-FBE34116D73E,https://www.boliga.dk//bbrinfo/84c17c3d-3bfd-4ae6-8218-fbe34116d73e,"(55.70628248, 12.59224217)","Trelleborggade 6, 4., 2150 Nordhavn",0101,Egentlig beboelseslejlighed,Eget køkken med afløb,"Bolig i etageejendom, flerfamiliehus eller to-familiehus",Badeværelse i enheden,147, 2,147,Vandskyllende toilet i enheden,4, 2,-
1092," Sundkaj 43, 1. th 2150 Nordhavn ",3103035.0,2016-03-01, Handelstype Alm. frit salg,https://www.boliga.dk//salg/info/101/27153/94576688-1D65-4505-A065-18129EDFE649,https://www.boliga.dk//bbrinfo/94576688-1d65-4505-a065-18129edfe649,"(55.71013056, 12.59669993)","Sundkaj 43, 4., 2150 Nordhavn",0101,Egentlig beboelseslejlighed,Eget køkken med afløb,"Bolig i etageejendom, flerfamiliehus eller to-familiehus",Badeværelse i enheden,78, 1,78,Vandskyllende toilet i enheden,3, 1,400 V el fra værk
1093," Helsinkigade 20, 6. 4 2150 Nordhavn ",7470493.0,2016-02-01, Handelstype Alm. frit salg,https://www.boliga.dk//salg/info/101/21628/03F2ED6E-0856-429B-BF34-0177390CEB9F,https://www.boliga.dk//bbrinfo/03f2ed6e-0856-429b-bf34-0177390ceb9f,"(55.70792825, 12.59733266)","Helsinkigade 20, 10., 2150 Nordhavn",0101,Egentlig beboelseslejlighed,Eget køkken med afløb,"Bolig i etageejendom, flerfamiliehus eller to-familiehus",Badeværelse i enheden,151, 2,151,Vandskyllende toilet i enheden,3, 2,-
1094," Århusgade 142, 4. tv 2150 Nordhavn ",5025000.0,2016-04-10, Handelstype Alm. frit salg,https://www.boliga.dk//salg/info/101/15833/CAC7C11F-A0F5-43B0-AACD-1090435172E8,https://www.boliga.dk//bbrinfo/cac7c11f-a0f5-43b0-aacd-1090435172e8,"(55.70766809, 12.59612213)","Århusgade 142, 1. mf, 2150 Nordhavn",0101,Egentlig beboelseslejlighed,Eget køkken med afløb,"Bolig i etageejendom, flerfamiliehus eller to-familiehus",Badeværelse i enheden,122, 1,122,Vandskyllende toilet i enheden,3, 1,-
1095," Århusgade 142, 4. tv 2150 Nordhavn ",3886957.0,2013-07-01, Handelstype Alm. frit salg,https://www.boliga.dk//salg/info/101/15833/CAC7C11F-A0F5-43B0-AACD-1090435172E8,https://www.boliga.dk//bbrinfo/cac7c11f-a0f5-43b0-aacd-1090435172e8,"(55.70766809, 12.59612213)","Århusgade 142, 1. mf, 2150 Nordhavn",0101,Egentlig beboelseslejlighed,Eget køkken med afløb,"Bolig i etageejendom, flerfamiliehus eller to-familiehus",Badeværelse i enheden,122, 1,122,Vandskyllende toilet i enheden,3, 1,-
1096," Trelleborggade 2, 4. th 2150 Nordhavn ",5095000.0,2016-04-07, Handelstype Alm. frit salg,https://www.boliga.dk//salg/info/101/18826/F40D06F2-2C58-4438-B698-0063DC1ED83C,https://www.boliga.dk//bbrinfo/f40d06f2-2c58-4438-b698-0063dc1ed83c,"(55.70624485, 12.59183821)","Trelleborggade 2, 2. mf, 2150 Nordhavn",0101,Egentlig beboelseslejlighed,Eget køkken med afløb,"Bolig i etageejendom, flerfamiliehus eller to-familiehus",Badeværelse i enheden,102, 1,102,Vandskyllende toilet i enheden,4, 1,-
1097," Sundkaj 43, 2. tv 2150 Nordhavn ",3733772.0,2016-09-02, Handelstype Alm. frit salg,https://www.boliga.dk//salg/info/101/27154/69B07631-0A0B-498A-919C-BA0ECB0AB5EC,https://www.boliga.dk//bbrinfo/69b07631-0a0b-498a-919c-ba0ecb0ab5ec,"(55.71013056, 12.59669993)","Sundkaj 43, 4., 2150 Nordhavn",0101,Egentlig beboelseslejlighed,Eget køkken med afløb,"Bolig i etageejendom, flerfamiliehus eller to-familiehus",Badeværelse i enheden,85, 1,85,Vandskyllende toilet i enheden,3, 1,400 V el fra værk
1098," Sundkaj 43, 3. th 2150 Nordhavn ",3306989.0,2016-03-02, Handelstype Alm. frit salg,https://www.boliga.dk//salg/info/101/27158/08BCC9E7-51C7-4A3A-942C-C109ABA9A7F0,https://www.boliga.dk//bbrinfo/08bcc9e7-51c7-4a3a-942c-c109aba9a7f0,"(55.71013056, 12.59669993)","Sundkaj 43, 4., 2150 Nordhavn",0101,Egentlig beboelseslejlighed,Eget køkken med afløb,"Bolig i etageejendom, flerfamiliehus eller to-familiehus",Badeværelse i enheden,78, 1,78,Vandskyllende toilet i enheden,3, 1,400 V el fra værk
1099," Sundkaj 41, 3. tv 2150 Nordhavn ",4629310.0,2016-03-02, Handelstype Alm. frit salg,https://www.boliga.dk//salg/info/101/27145/C43C444D-9119-4FD0-81B8-F0CD563B0954,https://www.boliga.dk//bbrinfo/c43c444d-9119-4fd0-81b8-f0cd563b0954,"(55.71004763, 12.59665472)","Sundkaj 41, 4., 2150 Nordhavn",0101,Egentlig beboelseslejlighed,Eget køkken med afløb,"Bolig i etageejendom, flerfamiliehus eller to-familiehus",Badeværelse i enheden,91, 1,91,Vandskyllende toilet i enheden,3, 1,400 V el fra værk
1100," Sundkaj 41, 1. tv 2150 Nordhavn ",4200905.0,2016-03-02, Handelstype Alm. frit salg,https://www.boliga.dk//salg/info/101/27141/33B68410-986F-4030-AFB2-8559782A3509,https://www.boliga.dk//bbrinfo/33b68410-986f-4030-afb2-8559782a3509,"(55.71004763, 12.59665472)","Sundkaj 41, 4., 2150 Nordhavn",0101,Egentlig beboelseslejlighed,Eget køkken med afløb,"Bolig i etageejendom, flerfamiliehus eller to-familiehus",Badeværelse i enheden,91, 1,91,Vandskyllende toilet i enheden,3, 1,400 V el fra værk
1101," Trelleborggade 14, st. mf 2150 Nordhavn ",3795000.0,2016-05-01, Handelstype Alm. frit salg,https://www.boliga.dk//salg/info/101/21395/7682106D-3014-45B8-967D-A93FA33AB909,https://www.boliga.dk//bbrinfo/7682106d-3014-45b8-967d-a93fa33ab909,"(55.70661575, 12.59357322)","Trelleborggade 14, 5., 2150 Nordhavn",0101,Egentlig beboelseslejlighed,Eget køkken med afløb,"Bolig i etageejendom, flerfamiliehus eller to-familiehus",Badeværelse i enheden,89, 2,89,Vandskyllende toilet i enheden,3, 2,-
1102," Sundkaj 41, 2. tv 2150 Nordhavn ",4439261.0,2016-01-01, Handelstype Alm. frit salg,https://www.boliga.dk//salg/info/101/27143/10AD0F7A-3B63-4CE5-A435-68BA0AA5093D,https://www.boliga.dk//bbrinfo/10ad0f7a-3b63-4ce5-a435-68ba0aa5093d,"(55.71004763, 12.59665472)","Sundkaj 41, 4., 2150 Nordhavn",0101,Egentlig beboelseslejlighed,Eget køkken med afløb,"Bolig i etageejendom, flerfamiliehus eller to-familiehus",Badeværelse i enheden,91, 1,91,Vandskyllende toilet i enheden,3, 1,400 V el fra værk
1103," Sandkaj 17, 2. th 2150 Nordhavn ",7195000.0,2016-01-01, Handelstype Alm. frit salg,https://www.boliga.dk//salg/info/101/21481/A0FE9388-0460-4513-85D7-6D36B59F1F12,https://www.boliga.dk//bbrinfo/a0fe9388-0460-4513-85d7-6d36b59f1f12,"(55.70637451, 12.59427245)","Sandkaj 17, 1. th, 2150 Nordhavn",0101,Egentlig beboelseslejlighed,Eget køkken med afløb,"Bolig i etageejendom, flerfamiliehus eller to-familiehus",Badeværelse i enheden,126, 2,126,Vandskyllende toilet i enheden,4, 2,-
1104," Sundkaj 41, st. th 2150 Nordhavn ",2252990.0,2016-03-04, Handelstype Alm. frit salg,https://www.boliga.dk//salg/info/101/27138/028C54CB-68E9-4D0B-8BE3-4FE9564C575D,https://www.boliga.dk//bbrinfo/028c54cb-68e9-4d0b-8be3-4fe9564c575d,"(55.71004763, 12.59665472)","Sundkaj 41, 4., 2150 Nordhavn",0101,Egentlig beboelseslejlighed,Eget køkken med afløb,"Bolig i etageejendom, flerfamiliehus eller to-familiehus",Badeværelse i enheden,58, 1,58,Vandskyllende toilet i enheden,2, 1,400 V el fra værk
1105," Helsinkigade 18, 11. 1 2150 Nordhavn ",9745599.0,2016-03-03, Handelstype Alm. frit salg,https://www.boliga.dk//salg/info/101/21604/EFB538E7-BFBD-451B-B4A5-BA354DD78147,https://www.boliga.dk//bbrinfo/efb538e7-bfbd-451b-b4a5-ba354dd78147,"(55.70798351, 12.59704886)","Helsinkigade 18, 2. 2, 2150 Nordhavn",0101,Egentlig beboelseslejlighed,Eget køkken med afløb,"Bolig i etageejendom, flerfamiliehus eller to-familiehus",Badeværelse i enheden,162, 1,162,Vandskyllende toilet i enheden,4, 1,-
1106," Sundkaj 43, 1. tv 2150 Nordhavn ",3655499.0,2016-03-01, Handelstype Alm. frit salg,https://www.boliga.dk//salg/info/101/27152/FEDC9833-2E8C-447C-84BD-0363D2CFF3BB,https://www.boliga.dk//bbrinfo/fedc9833-2e8c-447c-84bd-0363d2cff3bb,"(55.71013056, 12.59669993)","Sundkaj 43, 4., 2150 Nordhavn",0101,Egentlig beboelseslejlighed,Eget køkken med afløb,"Bolig i etageejendom, flerfamiliehus eller to-familiehus",Badeværelse i enheden,85, 1,85,Vandskyllende toilet i enheden,3, 1,400 V el fra værk
1107," Sundkaj 67, 5 2150 Nordhavn ",9185605.0,2016-03-02, Handelstype Alm. frit salg,https://www.boliga.dk//salg/info/101/27137/469D1DA5-CEC8-42B7-9C94-7F70256B5FE3,https://www.boliga.dk//bbrinfo/469d1da5-cec8-42b7-9c94-7f70256b5fe3,"(55.70992515, 12.5969924)","Sundkaj 67, 5., 2150 Nordhavn",0101,Egentlig beboelseslejlighed,Eget køkken med afløb,"Bolig i etageejendom, flerfamiliehus eller to-familiehus",Badeværelse i enheden,150, 2,150,Vandskyllende toilet i enheden,4, 2,400 V el fra værk
1108," Fortkaj 22, 5. tv 2150 Nordhavn ",6405000.0,2016-02-01, Handelstype Alm. frit salg,https://www.boliga.dk//salg/info/101/18703/0F2DC51A-F1BB-4B87-B136-E41551FE2587,https://www.boliga.dk//bbrinfo/0f2dc51a-f1bb-4b87-b136-e41551fe2587,"(55.70860402, 12.59680096)","Fortkaj 22, 1. th, 2150 Nordhavn",0101,Egentlig beboelseslejlighed,Eget køkken med afløb,"Bolig i etageejendom, flerfamiliehus eller to-familiehus",Badeværelse i enheden,121, 1,121,Vandskyllende toilet i enheden,3, 1,-
1109," Trelleborggade 2, 2. th 2150 Nordhavn ",4795000.0,2016-02-10, Handelstype Alm. frit salg,https://www.boliga.dk//salg/info/101/18811/219DE85F-DED1-47B3-8963-5B994240310B,https://www.boliga.dk//bbrinfo/219de85f-ded1-47b3-8963-5b994240310b,"(55.70624485, 12.59183821)","Trelleborggade 2, 2. mf, 2150 Nordhavn",0101,Egentlig beboelseslejlighed,Eget køkken med afløb,"Bolig i etageejendom, flerfamiliehus eller to-familiehus",Badeværelse i enheden,106, 1,106,Vandskyllende toilet i enheden,4, 1,-
1110," Trelleborggade 2, 1. th 2150 Nordhavn ",4595000.0,2016-02-04, Handelstype Alm. frit salg,https://www.boliga.dk//salg/info/101/18803/876265EF-C56F-4849-BEBB-F78558536C66,https://www.boliga.dk//bbrinfo/876265ef-c56f-4849-bebb-f78558536c66,"(55.70624485, 12.59183821)","Trelleborggade 2, 2. mf, 2150 Nordhavn",0101,Egentlig beboelseslejlighed,Eget køkken med afløb,"Bolig i etageejendom, flerfamiliehus eller to-familiehus",Badeværelse i enheden,102, 1,102,Vandskyllende toilet i enheden,4, 1,-
1111," Trelleborggade 2, st. tv 2150 Nordhavn ",4395000.0,2016-01-03, Handelstype Alm. frit salg,https://www.boliga.dk//salg/info/101/18797/9526AEC2-D21A-4366-BAD4-9202EFACDC79,https://www.boliga.dk//bbrinfo/9526aec2-d21a-4366-bad4-9202efacdc79,"(55.70624485, 12.59183821)","Trelleborggade 2, 2. mf, 2150 Nordhavn",0101,Egentlig beboelseslejlighed,Eget køkken med afløb,"Bolig i etageejendom, flerfamiliehus eller to-familiehus",Badeværelse i enheden,102, 1,102,Vandskyllende toilet i enheden,4, 1,-
1112," Sundkaj 43, st. th 2150 Nordhavn ",2010105.0,2016-09-02, Handelstype Alm. frit salg,https://www.boliga.dk//salg/info/101/27150/C0446486-2218-48EC-BCF1-E8D806FAA817,https://www.boliga.dk//bbrinfo/c0446486-2218-48ec-bcf1-e8d806faa817,"(55.71013056, 12.59669993)","Sundkaj 43, 4., 2150 Nordhavn",0101,Egentlig beboelseslejlighed,Eget køkken med afløb,"Bolig i etageejendom, flerfamiliehus eller to-familiehus",Badeværelse i enheden,53, 1,53,Vandskyllende toilet i enheden,2, 1,400 V el fra værk
1113," Sundkaj 71, 5 2150 Nordhavn ",12505847.0,2016-08-02, Handelstype Alm. frit salg,https://www.boliga.dk//salg/info/101/27113/B95F8514-CD9C-48D9-B3AF-27A57FF8EFFC,https://www.boliga.dk//bbrinfo/b95f8514-cd9c-48d9-b3af-27a57ff8effc,"(55.70985657, 12.59763541)","Sundkaj 71, 5., 2150 Nordhavn",0101,Egentlig beboelseslejlighed,Eget køkken med afløb,"Bolig i etageejendom, flerfamiliehus eller to-familiehus",Badeværelse i enheden,209, 2,209,Vandskyllende toilet i enheden,4, 2,400 V el fra værk
1114," Helsinkigade 20, 10 2150 Nordhavn ",24900000.0,2016-08-02, Handelstype Alm. frit salg,https://www.boliga.dk//salg/info/101/21643/03EB4D6F-C4DB-4C68-8239-C331357B0233,https://www.boliga.dk//bbrinfo/03eb4d6f-c4db-4c68-8239-c331357b0233,"(55.70792825, 12.59733266)","Helsinkigade 20, 10., 2150 Nordhavn",0101,Egentlig beboelseslejlighed,Eget køkken med afløb,"Bolig i etageejendom, flerfamiliehus eller to-familiehus",Badeværelse i enheden,404, 3,404,Vandskyllende toilet i enheden,8, 2,-
1115," Sundkaj 41, 2. th 2150 Nordhavn ",2947002.0,2016-08-02, Handelstype Alm. frit salg,https://www.boliga.dk//salg/info/101/27144/447F1157-5D0D-4945-8B9B-992F4F893A92,https://www.boliga.dk//bbrinfo/447f1157-5d0d-4945-8b9b-992f4f893a92,"(55.71004763, 12.59665472)","Sundkaj 41, 4., 2150 Nordhavn",0101,Egentlig beboelseslejlighed,Eget køkken med afløb,"Bolig i etageejendom, flerfamiliehus eller to-familiehus",Badeværelse i enheden,70, 1,70,Vandskyllende toilet i enheden,2, 1,400 V el fra værk
1116," Sundkaj 41, 4. tv 2150 Nordhavn ",4895000.0,2016-08-01, Handelstype Alm. frit salg,https://www.boliga.dk//salg/info/101/27148/3EEF9C35-E084-41DD-A796-3E67CE515704,https://www.boliga.dk//bbrinfo/3eef9c35-e084-41dd-a796-3e67ce515704,"(55.71004763, 12.59665472)","Sundkaj 41, 4., 2150 Nordhavn",0101,Egentlig beboelseslejlighed,Eget køkken med afløb,"Bolig i etageejendom, flerfamiliehus eller to-familiehus",Badeværelse i enheden,91, 1,91,Vandskyllende toilet i enheden,3, 1,400 V el fra værk
1117," Fortkaj 22, 3. th 2150 Nordhavn ",5595000.0,2016-03-01, Handelstype Alm. frit salg,https://www.boliga.dk//salg/info/101/18700/6673FDB6-44B5-492D-B3E4-657482B8365B,https://www.boliga.dk//bbrinfo/6673fdb6-44b5-492d-b3e4-657482b8365b,"(55.70860402, 12.59680096)","Fortkaj 22, 1. th, 2150 Nordhavn",0101,Egentlig beboelseslejlighed,Eget køkken med afløb,"Bolig i etageejendom, flerfamiliehus eller to-familiehus",Badeværelse i enheden,118, 1,118,Vandskyllende toilet i enheden,4, 1,-
1118," Trelleborggade 2, 2. tv 2150 Nordhavn ",4695000.0,2016-01-01, Handelstype Alm. frit salg,https://www.boliga.dk//salg/info/101/18810/430BD786-C847-4234-ADF2-45061B32E247,https://www.boliga.dk//bbrinfo/430bd786-c847-4234-adf2-45061b32e247,"(55.70624485, 12.59183821)","Trelleborggade 2, 2. mf, 2150 Nordhavn",0101,Egentlig beboelseslejlighed,Eget køkken med afløb,"Bolig i etageejendom, flerfamiliehus eller to-familiehus",Badeværelse i enheden,105, 1,105,Vandskyllende toilet i enheden,3, 1,-
1119," Trelleborggade 6, 3. th 2150 Nordhavn ",3495000.0,2015-08-02, Handelstype Alm. frit salg,https://www.boliga.dk//salg/info/101/18824/F15EE61E-07FE-425B-8F7F-D6DE5759273A,https://www.boliga.dk//bbrinfo/f15ee61e-07fe-425b-8f7f-d6de5759273a,"(55.70628248, 12.59224217)","Trelleborggade 6, 4., 2150 Nordhavn",0101,Egentlig beboelseslejlighed,Eget køkken med afløb,"Bolig i etageejendom, flerfamiliehus eller to-familiehus",Badeværelse i enheden,77, 1,77,Vandskyllende toilet i enheden,2, 1,-
1120," Sundkaj 41, 1. th 2150 Nordhavn ",2808894.0,2015-07-01, Handelstype Alm. frit salg,https://www.boliga.dk//salg/info/101/27142/B7C20606-2C3A-4E4A-A46E-F11855842174,https://www.boliga.dk//bbrinfo/b7c20606-2c3a-4e4a-a46e-f11855842174,"(55.71004763, 12.59665472)","Sundkaj 41, 4., 2150 Nordhavn",0101,Egentlig beboelseslejlighed,Eget køkken med afløb,"Bolig i etageejendom, flerfamiliehus eller to-familiehus",Badeværelse i enheden,70, 1,70,Vandskyllende toilet i enheden,2, 1,400 V el fra værk
1121," Sandkaj 15, 3. th 2150 Nordhavn ",7295000.0,2015-04-01, Handelstype Alm. frit salg,https://www.boliga.dk//salg/info/101/21471/029CAB34-F90B-4B05-AA31-26D790BB3AFC,https://www.boliga.dk//bbrinfo/029cab34-f90b-4b05-aa31-26d790bb3afc,"(55.70634293, 12.59398163)","Sandkaj 15, 5., 2150 Nordhavn",0101,Egentlig beboelseslejlighed,Eget køkken med afløb,"Bolig i etageejendom, flerfamiliehus eller to-familiehus",Badeværelse i enheden,127, 2,127,Vandskyllende toilet i enheden,4, 2,-
1122," Sandkaj 37, 4. tv 2150 Nordhavn ",6295000.0,2015-12-08, Handelstype Alm. frit salg,https://www.boliga.dk//salg/info/101/17603/62ACDD20-6AA4-4202-8FE5-914445AE6805,https://www.boliga.dk//bbrinfo/62acdd20-6aa4-4202-8fe5-914445ae6805,"(55.70678507, 12.59818652)","Sandkaj 37, 2150 Nordhavn",0101,Egentlig beboelseslejlighed,Eget køkken med afløb,"Bolig i etageejendom, flerfamiliehus eller to-familiehus",Badeværelse i enheden,108, 1,108,Vandskyllende toilet i enheden,3, 1,400 V el fra værk
1123," Sandkaj 17, 2. tv 2150 Nordhavn ",7650000.0,2015-12-07, Handelstype Alm. frit salg,https://www.boliga.dk//salg/info/101/21480/DF8EA6B8-1775-480C-9D1D-7337C5D43FD1,https://www.boliga.dk//bbrinfo/df8ea6b8-1775-480c-9d1d-7337c5d43fd1,"(55.70637451, 12.59427245)","Sandkaj 17, 1. th, 2150 Nordhavn",0101,Egentlig beboelseslejlighed,Eget køkken med afløb,"Bolig i etageejendom, flerfamiliehus eller to-familiehus",Badeværelse i enheden,134, 2,134,Vandskyllende toilet i enheden,4, 2,-
1124," Trelleborggade 4, 2. tv 2150 Nordhavn ",4945000.0,2015-12-03, Handelstype Alm. frit salg,https://www.boliga.dk//salg/info/101/18812/DFCFE39C-DC69-47D5-8652-EED1016A7C11,https://www.boliga.dk//bbrinfo/dfcfe39c-dc69-47d5-8652-eed1016a7c11,"(55.70626356, 12.592053)","Trelleborggade 4, 4. th, 2150 Nordhavn",0101,Egentlig beboelseslejlighed,Eget køkken med afløb,"Bolig i etageejendom, flerfamiliehus eller to-familiehus",Badeværelse i enheden,109, 1,109,Vandskyllende toilet i enheden,4, 1,-
1125," Trelleborggade 4, 3. tv 2150 Nordhavn ",5100000.0,2015-11-30, Handelstype Alm. frit salg,https://www.boliga.dk//salg/info/101/18820/C3D913A3-229C-401D-8F6D-1AE75DD5005A,https://www.boliga.dk//bbrinfo/c3d913a3-229c-401d-8f6d-1ae75dd5005a,"(55.70626356, 12.592053)","Trelleborggade 4, 4. th, 2150 Nordhavn",0101,Egentlig beboelseslejlighed,Eget køkken med afløb,"Bolig i etageejendom, flerfamiliehus eller to-familiehus",Badeværelse i enheden,109, 1,109,Vandskyllende toilet i enheden,4, 1,-
1126," Helsinkigade 20, 12 2150 Nordhavn ",26400000.0,2015-04-02, Handelstype Alm. frit salg,https://www.boliga.dk//salg/info/101/21648/34765155-9890-41D2-BF6C-710C3AAF8C6C,https://www.boliga.dk//bbrinfo/34765155-9890-41d2-bf6c-710c3aaf8c6c,"(55.70792825, 12.59733266)","Helsinkigade 20, 10., 2150 Nordhavn",0101,Egentlig beboelseslejlighed,Eget køkken med afløb,"Bolig i etageejendom, flerfamiliehus eller to-familiehus",Badeværelse i enheden,404, 3,404,Vandskyllende toilet i enheden,8, 2,-
1127," Sandkaj 37, st. th 2150 Nordhavn ",4400000.0,2015-08-01, Handelstype Alm. frit salg,https://www.boliga.dk//salg/info/101/17596/36D254E4-A72B-4A69-8194-FA354E92E86F,https://www.boliga.dk//bbrinfo/36d254e4-a72b-4a69-8194-fa354e92e86f,"(55.70678507, 12.59818652)","Sandkaj 37, 2150 Nordhavn",0101,Egentlig beboelseslejlighed,Eget køkken med afløb,"Bolig i etageejendom, flerfamiliehus eller to-familiehus",Badeværelse i enheden,88, 1,88,Vandskyllende toilet i enheden,2, 1,400 V el fra værk
1129," Helsinkigade 18, 3. 4 2150 Nordhavn ",4338701.0,2015-07-01, Handelstype Alm. frit salg,https://www.boliga.dk//salg/info/101/21573/7E101276-0EB8-4E3A-9E0D-B3A0771F6D00,https://www.boliga.dk//bbrinfo/7e101276-0eb8-4e3a-9e0d-b3a0771f6d00,"(55.70798351, 12.59704886)","Helsinkigade 18, 2. 2, 2150 Nordhavn",0101,Egentlig beboelseslejlighed,Eget køkken med afløb,"Bolig i etageejendom, flerfamiliehus eller to-familiehus",Badeværelse i enheden,103, 1,103,Vandskyllende toilet i enheden,3, 1,-
1130," Sandkaj 17, 3. tv 2150 Nordhavn ",7750000.0,2015-02-01, Handelstype Alm. frit salg,https://www.boliga.dk//salg/info/101/21482/FD24BCC5-D658-45F4-A2C6-E7CE42846615,https://www.boliga.dk//bbrinfo/fd24bcc5-d658-45f4-a2c6-e7ce42846615,"(55.70637451, 12.59427245)","Sandkaj 17, 1. th, 2150 Nordhavn",0101,Egentlig beboelseslejlighed,Eget køkken med afløb,"Bolig i etageejendom, flerfamiliehus eller to-familiehus",Badeværelse i enheden,134, 2,134,Vandskyllende toilet i enheden,4, 2,-
1131," Dunkerquegade 1, 3. mf 2150 Nordhavn ",2675000.0,2015-11-10, Handelstype Alm. frit salg,https://www.boliga.dk//salg/info/101/18686/E4A93916-8A9F-4F1C-BD0F-6F03AD613210,https://www.boliga.dk//bbrinfo/e4a93916-8a9f-4f1c-bd0f-6f03ad613210,"(55.70844508, 12.59686421)","Dunkerquegade 1, 1. mf, 2150 Nordhavn",0101,Egentlig beboelseslejlighed,Eget køkken med afløb,"Bolig i etageejendom, flerfamiliehus eller to-familiehus",Badeværelse i enheden,57, 1,57,Vandskyllende toilet i enheden,2, 1,-
1132," Dunkerquegade 1, 3. mf 2150 Nordhavn ",1995000.0,2014-05-08, Handelstype Alm. frit salg,https://www.boliga.dk//salg/info/101/18686/E4A93916-8A9F-4F1C-BD0F-6F03AD613210,https://www.boliga.dk//bbrinfo/e4a93916-8a9f-4f1c-bd0f-6f03ad613210,"(55.70844508, 12.59686421)","Dunkerquegade 1, 1. mf, 2150 Nordhavn",0101,Egentlig beboelseslejlighed,Eget køkken med afløb,"Bolig i etageejendom, flerfamiliehus eller to-familiehus",Badeværelse i enheden,57, 1,57,Vandskyllende toilet i enheden,2, 1,-
1133," Dover Passage 2, 4 2150 Nordhavn ",7850000.0,2015-11-09, Handelstype Alm. frit salg,https://www.boliga.dk//salg/info/101/18742/8FA869C1-63FA-4A95-92EF-C9369D2DB1D3,https://www.boliga.dk//bbrinfo/8fa869c1-63fa-4a95-92ef-c9369d2db1d3,"(55.70849348, 12.59608751)","Dover Passage 2, 2. th, 2150 Nordhavn",0101,Egentlig beboelseslejlighed,Eget køkken med afløb,"Bolig i etageejendom, flerfamiliehus eller to-familiehus",Badeværelse i enheden,153, 2,153,Vandskyllende toilet i enheden,4, 2,-
1134," Sandkaj 17, 4. tv 2150 Nordhavn ",7895000.0,2015-11-01, Handelstype Alm. frit salg,https://www.boliga.dk//salg/info/101/21485/9631C552-7188-4B01-BF11-92AD4321E320,https://www.boliga.dk//bbrinfo/9631c552-7188-4b01-bf11-92ad4321e320,"(55.70637451, 12.59427245)","Sandkaj 17, 1. th, 2150 Nordhavn",0101,Egentlig beboelseslejlighed,Eget køkken med afløb,"Bolig i etageejendom, flerfamiliehus eller to-familiehus",Badeværelse i enheden,134, 2,134,Vandskyllende toilet i enheden,4, 2,-
1135," Helsinkigade 18, 4. 1 2150 Nordhavn ",6246516.0,2015-02-02, Handelstype Alm. frit salg,https://www.boliga.dk//salg/info/101/21574/BB2AC97E-CBB8-4B05-965E-A7DF340D5E2C,https://www.boliga.dk//bbrinfo/bb2ac97e-cbb8-4b05-965e-a7df340d5e2c,"(55.70798351, 12.59704886)","Helsinkigade 18, 2. 2, 2150 Nordhavn",0101,Egentlig beboelseslejlighed,Eget køkken med afløb,"Bolig i etageejendom, flerfamiliehus eller to-familiehus",Badeværelse i enheden,142, 2,142,Vandskyllende toilet i enheden,4, 2,-
1136," Sandkaj 15, 1. th 2150 Nordhavn ",6995000.0,2015-03-01, Handelstype Alm. frit salg,https://www.boliga.dk//salg/info/101/21466/C977990D-D6B0-4780-A626-6049C590952D,https://www.boliga.dk//bbrinfo/c977990d-d6b0-4780-a626-6049c590952d,"(55.70634293, 12.59398163)","Sandkaj 15, 5., 2150 Nordhavn",0101,Egentlig beboelseslejlighed,Eget køkken med afløb,"Bolig i etageejendom, flerfamiliehus eller to-familiehus",Badeværelse i enheden,127, 2,127,Vandskyllende toilet i enheden,4, 2,-
1137," Göteborg Plads 12, 4. tv 2150 Nordhavn ",5495000.0,2015-02-02, Handelstype Alm. frit salg,https://www.boliga.dk//salg/info/101/17642/A49DEFF9-0CE3-4B7C-8C29-BFFF171D141E,https://www.boliga.dk//bbrinfo/a49deff9-0ce3-4b7c-8c29-bfff171d141e,"(55.70708275, 12.59770637)","Göteborg Plads 12, 1. mf, 2150 Nordhavn",0101,Egentlig beboelseslejlighed,Eget køkken med afløb,"Bolig i etageejendom, flerfamiliehus eller to-familiehus",Badeværelse i enheden,131, 1,131,Vandskyllende toilet i enheden,3, 1,400 V el fra værk
1138," Göteborg Plads 4, 3. tv 2150 Nordhavn ",7250000.0,2015-06-01, Handelstype Alm. frit salg,https://www.boliga.dk//salg/info/101/17616/6E63992D-4089-4473-8871-D84BF4AF3A94,https://www.boliga.dk//bbrinfo/6e63992d-4089-4473-8871-d84bf4af3a94,"(55.70683921, 12.59778127)","Göteborg Plads 4, 4. mf, 2150 Nordhavn",0101,Egentlig beboelseslejlighed,Eget køkken med afløb,"Bolig i etageejendom, flerfamiliehus eller to-familiehus",Badeværelse i enheden,133, 1,133,Vandskyllende toilet i enheden,3, 1,400 V el fra værk
1139," Antwerpengade 13, 1. 6 2150 Nordhavn ",2490644.0,2015-05-01, Handelstype Alm. frit salg,https://www.boliga.dk//salg/info/101/16524/B8590782-E965-46F2-AE78-254B4469B2E8,https://www.boliga.dk//bbrinfo/b8590782-e965-46f2-ae78-254b4469b2e8,"(55.70731023, 12.5960295)","Antwerpengade 13, 1. 1, 2150 Nordhavn",0101,Egentlig beboelseslejlighed,Eget køkken med afløb,"Bolig i etageejendom, flerfamiliehus eller to-familiehus",Badeværelse i enheden,70, 1,70,Vandskyllende toilet i enheden,2, 1,-
1140," Trelleborggade 20, 1. th 2150 Nordhavn ",4995000.0,2015-08-20, Handelstype Alm. frit salg,https://www.boliga.dk//salg/info/101/21437/6AA5CBAD-4F6F-4AC4-87BB-698FBDBA4D92,https://www.boliga.dk//bbrinfo/6aa5cbad-4f6f-4ac4-87bb-698fbdba4d92,"(55.70667705, 12.59415088)","Trelleborggade 20, 5., 2150 Nordhavn",0101,Egentlig beboelseslejlighed,Eget køkken med afløb,"Bolig i etageejendom, flerfamiliehus eller to-familiehus",Badeværelse i enheden,116, 2,116,Vandskyllende toilet i enheden,4, 2,-
1141," Helsinkigade 20, 7. 4 2150 Nordhavn ",7518976.0,2015-08-01, Handelstype Alm. frit salg,https://www.boliga.dk//salg/info/101/21633/E35ED2E8-B543-4EAD-B1B2-B2A3BAE34B40,https://www.boliga.dk//bbrinfo/e35ed2e8-b543-4ead-b1b2-b2a3bae34b40,"(55.70792825, 12.59733266)","Helsinkigade 20, 10., 2150 Nordhavn",0101,Egentlig beboelseslejlighed,Eget køkken med afløb,"Bolig i etageejendom, flerfamiliehus eller to-familiehus",Badeværelse i enheden,151, 2,151,Vandskyllende toilet i enheden,3, 2,-
1142," Trelleborggade 16, 1. tv 2150 Nordhavn ",4895000.0,2015-01-01, Handelstype Alm. frit salg,https://www.boliga.dk//salg/info/101/21412/53B7CCCA-40FD-4F17-95F3-36067C44008B,https://www.boliga.dk//bbrinfo/53b7ccca-40fd-4f17-95f3-36067c44008b,"(55.70663372, 12.59374543)","Trelleborggade 16, 1. th, 2150 Nordhavn",0101,Egentlig beboelseslejlighed,Eget køkken med afløb,"Bolig i etageejendom, flerfamiliehus eller to-familiehus",Badeværelse i enheden,106, 1,106,Vandskyllende toilet i enheden,4, 1,-
1143," Sandkaj 17, 3. th 2150 Nordhavn ",7295000.0,2015-08-04, Handelstype Alm. frit salg,https://www.boliga.dk//salg/info/101/21484/CAFC54D3-B66C-4D85-97B8-23B54B045270,https://www.boliga.dk//bbrinfo/cafc54d3-b66c-4d85-97b8-23b54b045270,"(55.70637451, 12.59427245)","Sandkaj 17, 1. th, 2150 Nordhavn",0101,Egentlig beboelseslejlighed,Eget køkken med afløb,"Bolig i etageejendom, flerfamiliehus eller to-familiehus",Badeværelse i enheden,126, 2,126,Vandskyllende toilet i enheden,4, 2,-
1144," Sandkaj 15, 1. tv 2150 Nordhavn ",5795000.0,2015-07-30, Handelstype Alm. frit salg,https://www.boliga.dk//salg/info/101/21465/89ACAA4B-623A-4E37-8D05-9345C450BF5F,https://www.boliga.dk//bbrinfo/89acaa4b-623a-4e37-8d05-9345c450bf5f,"(55.70634293, 12.59398163)","Sandkaj 15, 5., 2150 Nordhavn",0101,Egentlig beboelseslejlighed,Eget køkken med afløb,"Bolig i etageejendom, flerfamiliehus eller to-familiehus",Badeværelse i enheden,110, 2,110,Vandskyllende toilet i enheden,3, 2,-
1145," Sandkaj 37, 3. tv 2150 Nordhavn ",6095000.0,2015-06-02, Handelstype Alm. frit salg,https://www.boliga.dk//salg/info/101/17601/24ECB397-64A5-4F08-9703-D60FA51719B2,https://www.boliga.dk//bbrinfo/24ecb397-64a5-4f08-9703-d60fa51719b2,"(55.70678507, 12.59818652)","Sandkaj 37, 2150 Nordhavn",0101,Egentlig beboelseslejlighed,Eget køkken med afløb,"Bolig i etageejendom, flerfamiliehus eller to-familiehus",Badeværelse i enheden,108, 1,108,Vandskyllende toilet i enheden,3, 1,400 V el fra værk
1146," Fortkaj 22, 5. th 2150 Nordhavn ",7695000.0,2015-04-02, Handelstype Alm. frit salg,https://www.boliga.dk//salg/info/101/18704/BF70B071-7B6A-45D6-A0E4-078145B5F11E,https://www.boliga.dk//bbrinfo/bf70b071-7b6a-45d6-a0e4-078145b5f11e,"(55.70860402, 12.59680096)","Fortkaj 22, 1. th, 2150 Nordhavn",0101,Egentlig beboelseslejlighed,Eget køkken med afløb,"Bolig i etageejendom, flerfamiliehus eller to-familiehus",Badeværelse i enheden,139, 1,139,Vandskyllende toilet i enheden,4, 1,-
1147," Sandkaj 15, 3. tv 2150 Nordhavn ",5995000.0,2015-06-04, Handelstype Alm. frit salg,https://www.boliga.dk//salg/info/101/21470/B17E1298-B260-4FB9-A625-4819A8D03282,https://www.boliga.dk//bbrinfo/b17e1298-b260-4fb9-a625-4819a8d03282,"(55.70634293, 12.59398163)","Sandkaj 15, 5., 2150 Nordhavn",0101,Egentlig beboelseslejlighed,Eget køkken med afløb,"Bolig i etageejendom, flerfamiliehus eller to-familiehus",Badeværelse i enheden,110, 2,110,Vandskyllende toilet i enheden,3, 2,-
1148," Sandkaj 15, 2. tv 2150 Nordhavn ",5895000.0,2015-06-02, Handelstype Alm. frit salg,https://www.boliga.dk//salg/info/101/21468/62495833-5610-4260-9DF9-D655A3B6DBE9,https://www.boliga.dk//bbrinfo/62495833-5610-4260-9df9-d655a3b6dbe9,"(55.70634293, 12.59398163)","Sandkaj 15, 5., 2150 Nordhavn",0101,Egentlig beboelseslejlighed,Eget køkken med afløb,"Bolig i etageejendom, flerfamiliehus eller to-familiehus",Badeværelse i enheden,110, 2,110,Vandskyllende toilet i enheden,3, 2,-
1149, Århusgade 133 2150 Nordhavn ,9250000.0,2015-06-02, Handelstype Alm. frit salg,https://www.boliga.dk//salg/info/101/19131/3A6DE42B-1785-43E2-BCDC-247F94D9DE40,https://www.boliga.dk//bbrinfo/3a6de42b-1785-43e2-bcdc-247f94d9de40,"(55.70776418, 12.59417802)","Århusgade 133, 2150 Nordhavn",0101,Egentlig beboelseslejlighed,Eget køkken med afløb,"Række-, kæde- og klyngehus",Badeværelse i enheden,202, 2,202,Vandskyllende toilet i enheden,3, 2,-
1150," Sandkaj 15, 5 2150 Nordhavn ",9495000.0,2015-05-20, Handelstype Alm. frit salg,https://www.boliga.dk//salg/info/101/21474/E5CD3652-1304-49D8-ADCF-669279C87D9C,https://www.boliga.dk//bbrinfo/e5cd3652-1304-49d8-adcf-669279c87d9c,"(55.70634293, 12.59398163)","Sandkaj 15, 5., 2150 Nordhavn",0101,Egentlig beboelseslejlighed,Eget køkken med afløb,"Bolig i etageejendom, flerfamiliehus eller to-familiehus",Badeværelse i enheden,129, 2,129,Vandskyllende toilet i enheden,4, 2,-
1151," Sandkaj 17, st. tv 2150 Nordhavn ",5495000.0,2015-09-01, Handelstype Alm. frit salg,https://www.boliga.dk//salg/info/101/21476/FFFD33CB-DC00-40C5-B7C8-A5CD9D8AE126,https://www.boliga.dk//bbrinfo/fffd33cb-dc00-40c5-b7c8-a5cd9d8ae126,"(55.70637451, 12.59427245)","Sandkaj 17, 1. th, 2150 Nordhavn",0101,Egentlig beboelseslejlighed,Eget køkken med afløb,"Bolig i etageejendom, flerfamiliehus eller to-familiehus",Badeværelse i enheden,109, 2,109,Vandskyllende toilet i enheden,3, 2,-
1152," Murmanskgade 1, 3. th 2150 Nordhavn ",7995000.0,2015-08-01, Handelstype Alm. frit salg,https://www.boliga.dk//salg/info/101/17592/EFD962EC-0506-4301-B559-12770B03CD8E,https://www.boliga.dk//bbrinfo/efd962ec-0506-4301-b559-12770b03cd8e,"(55.70691325, 12.59860775)","Murmanskgade 1, 1. mf, 2150 Nordhavn",0101,Egentlig beboelseslejlighed,Eget køkken med afløb,"Bolig i etageejendom, flerfamiliehus eller to-familiehus",Badeværelse i enheden,135, 1,135,Vandskyllende toilet i enheden,3, 1,400 V el fra værk
1153," Trelleborggade 16, st. th 2150 Nordhavn ",4195000.0,2015-08-01, Handelstype Alm. frit salg,https://www.boliga.dk//salg/info/101/21411/8E9C1EF3-F2DF-4E61-A66F-77B632018378,https://www.boliga.dk//bbrinfo/8e9c1ef3-f2df-4e61-a66f-77b632018378,"(55.70663372, 12.59374543)","Trelleborggade 16, 1. th, 2150 Nordhavn",0101,Egentlig beboelseslejlighed,Eget køkken med afløb,"Bolig i etageejendom, flerfamiliehus eller to-familiehus",Badeværelse i enheden,92, 1,92,Vandskyllende toilet i enheden,3, 1,-
1154," Fortkaj 30, 13. th 2150 Nordhavn ",19062374.0,2015-02-01, Handelstype Alm. frit salg,https://www.boliga.dk//salg/info/101/23294/971D1020-B2CA-4FED-B694-D95DD8F46D09,https://www.boliga.dk//bbrinfo/971d1020-b2ca-4fed-b694-d95dd8f46d09,"(55.70839574, 12.59807131)","Fortkaj 30, 2150 Nordhavn",0101,Egentlig beboelseslejlighed,Eget køkken med afløb,"Bolig i etageejendom, flerfamiliehus eller to-familiehus",Badeværelse i enheden,290, 1,290,Vandskyllende toilet i enheden,4, 3,400 V el fra værk
1155," Murmanskgade 3, 4. mf 2150 Nordhavn ",6495000.0,2015-01-01, Handelstype Alm. frit salg,https://www.boliga.dk//salg/info/101/17576/23344CFB-3A95-4870-8CE5-CD76D16CB3CA,https://www.boliga.dk//bbrinfo/23344cfb-3a95-4870-8ce5-cd76d16cb3ca,"(55.70716738, 12.59860693)","Murmanskgade 3, 3. mf, 2150 Nordhavn",0101,Egentlig beboelseslejlighed,Eget køkken med afløb,"Bolig i etageejendom, flerfamiliehus eller to-familiehus",Badeværelse i enheden,139, 1,139,Vandskyllende toilet i enheden,3, 1,400 V el fra værk
1156," Trelleborggade 14, 2. tv 2150 Nordhavn ",4995000.0,2015-05-08, Handelstype Alm. frit salg,https://www.boliga.dk//salg/info/101/21400/1134FB38-8800-4C8E-BC04-93E1B3F1E2FB,https://www.boliga.dk//bbrinfo/1134fb38-8800-4c8e-bc04-93e1b3f1e2fb,"(55.70661575, 12.59357322)","Trelleborggade 14, 5., 2150 Nordhavn",0101,Egentlig beboelseslejlighed,Eget køkken med afløb,"Bolig i etageejendom, flerfamiliehus eller to-familiehus",Badeværelse i enheden,116, 2,116,Vandskyllende toilet i enheden,4, 2,-
1157," Sandkaj 13, st. th 2150 Nordhavn ",5395000.0,2015-05-06, Handelstype Alm. frit salg,https://www.boliga.dk//salg/info/101/21451/3CFCCEE2-9F40-4A03-8589-1045E87F6CD2,https://www.boliga.dk//bbrinfo/3cfccee2-9f40-4a03-8589-1045e87f6cd2,"(55.70631673, 12.5937128)","Sandkaj 13, 1. th, 2150 Nordhavn",0101,Egentlig beboelseslejlighed,Eget køkken med afløb,"Bolig i etageejendom, flerfamiliehus eller to-familiehus",Badeværelse i enheden,109, 2,109,Vandskyllende toilet i enheden,3, 2,-
1158," Helsinkigade 29, 9. th 2150 Nordhavn ",5990000.0,2015-05-06, Handelstype Alm. frit salg,https://www.boliga.dk//salg/info/101/23309/FAC83D9B-BE25-4A6B-81FD-67196BEE7FE4,https://www.boliga.dk//bbrinfo/fac83d9b-be25-4a6b-81fd-67196bee7fe4,"(55.70806117, 12.59788684)","Helsinkigade 29, 2150 Nordhavn",0101,Egentlig beboelseslejlighed,Eget køkken med afløb,"Bolig i etageejendom, flerfamiliehus eller to-familiehus",Badeværelse i enheden,128, 1,128,Vandskyllende toilet i enheden,3, 2,400 V el fra værk
1159," Sandkaj 13, 3. th 2150 Nordhavn ",7750000.0,2015-05-06, Handelstype Alm. frit salg,https://www.boliga.dk//salg/info/101/21457/0F751029-F087-433B-ACA9-73CAE53FF345,https://www.boliga.dk//bbrinfo/0f751029-f087-433b-aca9-73cae53ff345,"(55.70631673, 12.5937128)","Sandkaj 13, 1. th, 2150 Nordhavn",0101,Egentlig beboelseslejlighed,Eget køkken med afløb,"Bolig i etageejendom, flerfamiliehus eller to-familiehus",Badeværelse i enheden,134, 2,134,Vandskyllende toilet i enheden,4, 2,-
1160," Århusgade 131A, 5. th 2150 Nordhavn ",5495000.0,2015-05-05, Handelstype Alm. frit salg,https://www.boliga.dk//salg/info/101/19607/8759D5C7-A5BD-4B67-BED3-33D3FB4A02A1,https://www.boliga.dk//bbrinfo/8759d5c7-a5bd-4b67-bed3-33d3fb4a02a1,"(55.70773906, 12.59402888)","Århusgade 131A, 1. mf, 2150 Nordhavn",0101,Egentlig beboelseslejlighed,Eget køkken med afløb,"Bolig i etageejendom, flerfamiliehus eller to-familiehus",Badeværelse i enheden,130, 2,130,Vandskyllende toilet i enheden,5, 2,230 V el fra værk
1161," Trelleborggade 20, st. th 2150 Nordhavn ",2395000.0,2015-05-04, Handelstype Alm. frit salg,https://www.boliga.dk//salg/info/101/21434/79A968D3-2F84-4496-8F90-5C98259E6B6E,https://www.boliga.dk//bbrinfo/79a968d3-2f84-4496-8f90-5c98259e6b6e,"(55.70667705, 12.59415088)","Trelleborggade 20, 5., 2150 Nordhavn",0101,Egentlig beboelseslejlighed,Eget køkken med afløb,"Bolig i etageejendom, flerfamiliehus eller to-familiehus",Badeværelse i enheden,55, 1,55,Vandskyllende toilet i enheden,2, 1,-
1162," Helsinkigade 18, 11. 2 2150 Nordhavn ",9071660.0,2015-07-02, Handelstype Alm. frit salg,https://www.boliga.dk//salg/info/101/21605/7A00ADFC-CB75-499B-B324-86FAC1E3C316,https://www.boliga.dk//bbrinfo/7a00adfc-cb75-499b-b324-86fac1e3c316,"(55.70798351, 12.59704886)","Helsinkigade 18, 2. 2, 2150 Nordhavn",0101,Egentlig beboelseslejlighed,Eget køkken med afløb,"Bolig i etageejendom, flerfamiliehus eller to-familiehus",Badeværelse i enheden,134, 2,134,Vandskyllende toilet i enheden,4, 2,-
1163," Sandkaj 15, st. th 2150 Nordhavn ",5495000.0,2015-04-02, Handelstype Alm. frit salg,https://www.boliga.dk//salg/info/101/21464/697B288B-C31A-44C7-88A2-50AA97EC5073,https://www.boliga.dk//bbrinfo/697b288b-c31a-44c7-88a2-50aa97ec5073,"(55.70634293, 12.59398163)","Sandkaj 15, 5., 2150 Nordhavn",0101,Egentlig beboelseslejlighed,Eget køkken med afløb,"Bolig i etageejendom, flerfamiliehus eller to-familiehus",Badeværelse i enheden,110, 2,110,Vandskyllende toilet i enheden,3, 2,-
1164," Århusgade 131A, 2. mf 2150 Nordhavn ",4445000.0,2015-04-20, Handelstype Alm. frit salg,https://www.boliga.dk//salg/info/101/19597/E9BE4781-4EBE-416E-ACCF-7D1C72EEEA2A,https://www.boliga.dk//bbrinfo/e9be4781-4ebe-416e-accf-7d1c72eeea2a,"(55.70773906, 12.59402888)","Århusgade 131A, 1. mf, 2150 Nordhavn",0101,Egentlig beboelseslejlighed,Eget køkken med afløb,"Bolig i etageejendom, flerfamiliehus eller to-familiehus",Badeværelse i enheden,111, 1,111,Vandskyllende toilet i enheden,4, 1,230 V el fra værk
1165," Trelleborggade 18, 4. tv 2150 Nordhavn ",4995000.0,2015-04-20, Handelstype Alm. frit salg,https://www.boliga.dk//salg/info/101/21430/D0DB4B97-4198-4A19-A7DC-9106A1165F78,https://www.boliga.dk//bbrinfo/d0db4b97-4198-4a19-a7dc-9106a1165f78,"(55.70665566, 12.59395718)","Trelleborggade 18, 1. th, 2150 Nordhavn",0101,Egentlig beboelseslejlighed,Eget køkken med afløb,"Bolig i etageejendom, flerfamiliehus eller to-familiehus",Badeværelse i enheden,106, 1,106,Vandskyllende toilet i enheden,4, 1,-
1166," Trelleborggade 16, 1. th 2150 Nordhavn ",2395000.0,2015-07-01, Handelstype Alm. frit salg,https://www.boliga.dk//salg/info/101/21413/45484948-AF49-4400-A1A9-021AE8C34D26,https://www.boliga.dk//bbrinfo/45484948-af49-4400-a1a9-021ae8c34d26,"(55.70663372, 12.59374543)","Trelleborggade 16, 1. th, 2150 Nordhavn",0101,Egentlig beboelseslejlighed,Eget køkken med afløb,"Bolig i etageejendom, flerfamiliehus eller to-familiehus",Badeværelse i enheden,54, 1,54,Vandskyllende toilet i enheden,2, 1,-
1167," Trelleborggade 14, st. tv 2150 Nordhavn ",2395000.0,2015-07-01, Handelstype Alm. frit salg,https://www.boliga.dk//salg/info/101/21393/A0B7C010-2BB3-4B4E-B080-92A45DF4B0F3,https://www.boliga.dk//bbrinfo/a0b7c010-2bb3-4b4e-b080-92a45df4b0f3,"(55.70661575, 12.59357322)","Trelleborggade 14, 5., 2150 Nordhavn",0101,Egentlig beboelseslejlighed,Eget køkken med afløb,"Bolig i etageejendom, flerfamiliehus eller to-familiehus",Badeværelse i enheden,55, 1,55,Vandskyllende toilet i enheden,2, 1,-
1168," Århusgade 131A, 5. mf 2150 Nordhavn ",4845000.0,2015-04-01, Handelstype Alm. frit salg,https://www.boliga.dk//salg/info/101/19606/188C3350-EAA4-49C1-9F16-A433845AEAA6,https://www.boliga.dk//bbrinfo/188c3350-eaa4-49c1-9f16-a433845aeaa6,"(55.70773906, 12.59402888)","Århusgade 131A, 1. mf, 2150 Nordhavn",0101,Egentlig beboelseslejlighed,Eget køkken med afløb,"Bolig i etageejendom, flerfamiliehus eller to-familiehus",Badeværelse i enheden,111, 1,111,Vandskyllende toilet i enheden,4, 1,230 V el fra værk
1169," Helsinkigade 18, 3. 1 2150 Nordhavn ",5929296.0,2015-03-01, Handelstype Alm. frit salg,https://www.boliga.dk//salg/info/101/21569/339EB639-BD29-4D46-B77C-619BCB1951C5,https://www.boliga.dk//bbrinfo/339eb639-bd29-4d46-b77c-619bcb1951c5,"(55.70798351, 12.59704886)","Helsinkigade 18, 2. 2, 2150 Nordhavn",0101,Egentlig beboelseslejlighed,Eget køkken med afløb,"Bolig i etageejendom, flerfamiliehus eller to-familiehus",Badeværelse i enheden,142, 2,142,Vandskyllende toilet i enheden,4, 2,-
1170," Århusgade 131A, 4. th 2150 Nordhavn ",5395000.0,2015-04-09, Handelstype Alm. frit salg,https://www.boliga.dk//salg/info/101/19604/EFCA9FC3-C644-4800-845D-87CB40CBE10B,https://www.boliga.dk//bbrinfo/efca9fc3-c644-4800-845d-87cb40cbe10b,"(55.70773906, 12.59402888)","Århusgade 131A, 1. mf, 2150 Nordhavn",0101,Egentlig beboelseslejlighed,Eget køkken med afløb,"Bolig i etageejendom, flerfamiliehus eller to-familiehus",Badeværelse i enheden,130, 2,130,Vandskyllende toilet i enheden,5, 2,230 V el fra værk
1171," Helsinkigade 18, 6. 4 2150 Nordhavn ",5375722.0,2015-04-07, Handelstype Alm. frit salg,https://www.boliga.dk//salg/info/101/21586/135C5A4A-38FF-41BA-97C3-64171187F2B7,https://www.boliga.dk//bbrinfo/135c5a4a-38ff-41ba-97c3-64171187f2b7,"(55.70798351, 12.59704886)","Helsinkigade 18, 2. 2, 2150 Nordhavn",0101,Egentlig beboelseslejlighed,Eget køkken med afløb,"Bolig i etageejendom, flerfamiliehus eller to-familiehus",Badeværelse i enheden,103, 1,103,Vandskyllende toilet i enheden,3, 1,-
1172," Göteborg Plads 12, 3. mf 2150 Nordhavn ",4995000.0,2015-04-05, Handelstype Alm. frit salg,https://www.boliga.dk//salg/info/101/17640/1DFD440C-05E6-4495-B91D-EF6AE4721715,https://www.boliga.dk//bbrinfo/1dfd440c-05e6-4495-b91d-ef6ae4721715,"(55.70708275, 12.59770637)","Göteborg Plads 12, 1. mf, 2150 Nordhavn",0101,Egentlig beboelseslejlighed,Eget køkken med afløb,"Bolig i etageejendom, flerfamiliehus eller to-familiehus",Badeværelse i enheden,129, 1,129,Vandskyllende toilet i enheden,3, 1,400 V el fra værk
1173," Trelleborggade 18, 2. th 2150 Nordhavn ",2495000.0,2015-04-02, Handelstype Alm. frit salg,https://www.boliga.dk//salg/info/101/21427/808C4BED-6B3F-40B4-B475-970F4C5D2E28,https://www.boliga.dk//bbrinfo/808c4bed-6b3f-40b4-b475-970f4c5d2e28,"(55.70665566, 12.59395718)","Trelleborggade 18, 1. th, 2150 Nordhavn",0101,Egentlig beboelseslejlighed,Eget køkken med afløb,"Bolig i etageejendom, flerfamiliehus eller to-familiehus",Badeværelse i enheden,54, 1,54,Vandskyllende toilet i enheden,2, 1,-
1174," Trelleborggade 20, 4. tv 2150 Nordhavn ",2645000.0,2015-04-01, Handelstype Alm. frit salg,https://www.boliga.dk//salg/info/101/21445/DA399604-2DA7-444F-8746-C310698F1C31,https://www.boliga.dk//bbrinfo/da399604-2da7-444f-8746-c310698f1c31,"(55.70667705, 12.59415088)","Trelleborggade 20, 5., 2150 Nordhavn",0101,Egentlig beboelseslejlighed,Eget køkken med afløb,"Bolig i etageejendom, flerfamiliehus eller to-familiehus",Badeværelse i enheden,58, 1,58,Vandskyllende toilet i enheden,2, 1,-
1175," Trelleborggade 14, 1. mf 2150 Nordhavn ",4395000.0,2015-04-01, Handelstype Alm. frit salg,https://www.boliga.dk//salg/info/101/21398/89F60306-7F4B-4573-A596-B97AE4212D0E,https://www.boliga.dk//bbrinfo/89f60306-7f4b-4573-a596-b97ae4212d0e,"(55.70661575, 12.59357322)","Trelleborggade 14, 5., 2150 Nordhavn",0101,Egentlig beboelseslejlighed,Eget køkken med afløb,"Bolig i etageejendom, flerfamiliehus eller to-familiehus",Badeværelse i enheden,102, 2,102,Vandskyllende toilet i enheden,3, 2,-
1176," Trelleborggade 14, 3. mf 2150 Nordhavn ",4595000.0,2015-04-01, Handelstype Alm. frit salg,https://www.boliga.dk//salg/info/101/21404/F955FEEC-B47A-4AF5-9EEE-3AEA961B5844,https://www.boliga.dk//bbrinfo/f955feec-b47a-4af5-9eee-3aea961b5844,"(55.70661575, 12.59357322)","Trelleborggade 14, 5., 2150 Nordhavn",0101,Egentlig beboelseslejlighed,Eget køkken med afløb,"Bolig i etageejendom, flerfamiliehus eller to-familiehus",Badeværelse i enheden,102, 2,102,Vandskyllende toilet i enheden,3, 2,-
1177," Trelleborggade 18, 3. th 2150 Nordhavn ",2545000.0,2015-04-01, Handelstype Alm. frit salg,https://www.boliga.dk//salg/info/101/21429/159A0E19-A948-4CCC-B85C-4A6D97C3B3DE,https://www.boliga.dk//bbrinfo/159a0e19-a948-4ccc-b85c-4a6d97c3b3de,"(55.70665566, 12.59395718)","Trelleborggade 18, 1. th, 2150 Nordhavn",0101,Egentlig beboelseslejlighed,Eget køkken med afløb,"Bolig i etageejendom, flerfamiliehus eller to-familiehus",Badeværelse i enheden,54, 1,54,Vandskyllende toilet i enheden,2, 1,-
1178," Dover Passage 4, 3. tv 2150 Nordhavn ",6095000.0,2015-01-03, Handelstype Alm. frit salg,https://www.boliga.dk//salg/info/101/18729/33108A15-94C9-491C-BA0A-E1A5B4C3AAEA,https://www.boliga.dk//bbrinfo/33108a15-94c9-491c-ba0a-e1a5b4c3aaea,"(55.70863885, 12.59617413)","Dover Passage 4, 1. mf, 2150 Nordhavn",0101,Egentlig beboelseslejlighed,Eget køkken med afløb,"Bolig i etageejendom, flerfamiliehus eller to-familiehus",Badeværelse i enheden,112, 1,112,Vandskyllende toilet i enheden,3, 1,-
1179," Helsinkigade 20, 11. 2 2150 Nordhavn ",8800000.0,2015-06-02, Handelstype Alm. frit salg,https://www.boliga.dk//salg/info/101/21646/D1124441-66F9-4203-9532-642BE305A41E,https://www.boliga.dk//bbrinfo/d1124441-66f9-4203-9532-642be305a41e,"(55.70792825, 12.59733266)","Helsinkigade 20, 10., 2150 Nordhavn",0101,Egentlig beboelseslejlighed,Eget køkken med afløb,"Bolig i etageejendom, flerfamiliehus eller to-familiehus",Badeværelse i enheden,134, 1,134,Vandskyllende toilet i enheden,3, 2,-
1180," Trelleborggade 16, 3. th 2150 Nordhavn ",2545000.0,2015-05-02, Handelstype Alm. frit salg,https://www.boliga.dk//salg/info/101/21418/EBF3EE96-04C4-4700-B1C1-279BCC303191,https://www.boliga.dk//bbrinfo/ebf3ee96-04c4-4700-b1c1-279bcc303191,"(55.70663372, 12.59374543)","Trelleborggade 16, 1. th, 2150 Nordhavn",0101,Egentlig beboelseslejlighed,Eget køkken med afløb,"Bolig i etageejendom, flerfamiliehus eller to-familiehus",Badeværelse i enheden,54, 1,54,Vandskyllende toilet i enheden,2, 1,-
1181, Rostockgade 18 2150 Nordhavn ,6295000.0,2015-04-02, Handelstype Alm. frit salg,https://www.boliga.dk//salg/info/101/15222/1CB006F2-D627-4339-AC95-C24E84A6E325,https://www.boliga.dk//bbrinfo/1cb006f2-d627-4339-ac95-c24e84a6e325,"(55.70816587, 12.59395631)","Rostockgade 18, 2150 Nordhavn",0101,Egentlig beboelseslejlighed,Eget køkken med afløb,"Række-, kæde- og klyngehus",Badeværelse i enheden,155, 2,155,Vandskyllende toilet i enheden,4, 2,400 V el fra værk
1182," Århusgade 131A, 4. mf 2150 Nordhavn ",4545000.0,2015-09-01, Handelstype Alm. frit salg,https://www.boliga.dk//salg/info/101/19603/011ADE3E-DFBB-47A3-A527-91BB68F85A80,https://www.boliga.dk//bbrinfo/011ade3e-dfbb-47a3-a527-91bb68f85a80,"(55.70773906, 12.59402888)","Århusgade 131A, 1. mf, 2150 Nordhavn",0101,Egentlig beboelseslejlighed,Eget køkken med afløb,"Bolig i etageejendom, flerfamiliehus eller to-familiehus",Badeværelse i enheden,111, 1,111,Vandskyllende toilet i enheden,4, 1,230 V el fra værk
1183," Århusgade 131A, 1. mf 2150 Nordhavn ",4245000.0,2015-08-01, Handelstype Alm. frit salg,https://www.boliga.dk//salg/info/101/19593/D098784D-91A6-4B1E-A5FD-D91E77F1B383,https://www.boliga.dk//bbrinfo/d098784d-91a6-4b1e-a5fd-d91e77f1b383,"(55.70773906, 12.59402888)","Århusgade 131A, 1. mf, 2150 Nordhavn",0101,Egentlig beboelseslejlighed,Eget køkken med afløb,"Bolig i etageejendom, flerfamiliehus eller to-familiehus",Badeværelse i enheden,111, 1,111,Vandskyllende toilet i enheden,4, 1,230 V el fra værk
1184," Trelleborggade 18, 1. tv 2150 Nordhavn ",4595000.0,2015-07-01, Handelstype Alm. frit salg,https://www.boliga.dk//salg/info/101/21423/B7EE8EEB-DB64-4626-83EF-7EC58219FF74,https://www.boliga.dk//bbrinfo/b7ee8eeb-db64-4626-83ef-7ec58219ff74,"(55.70665566, 12.59395718)","Trelleborggade 18, 1. th, 2150 Nordhavn",0101,Egentlig beboelseslejlighed,Eget køkken med afløb,"Bolig i etageejendom, flerfamiliehus eller to-familiehus",Badeværelse i enheden,106, 1,106,Vandskyllende toilet i enheden,4, 1,-
1185," Göteborg Plads 4, 2. tv 2150 Nordhavn ",6895000.0,2015-05-01, Handelstype Alm. frit salg,https://www.boliga.dk//salg/info/101/17612/583A885C-BCBB-4AF7-A329-70A06EA85F0C,https://www.boliga.dk//bbrinfo/583a885c-bcbb-4af7-a329-70a06ea85f0c,"(55.70683921, 12.59778127)","Göteborg Plads 4, 4. mf, 2150 Nordhavn",0101,Egentlig beboelseslejlighed,Eget køkken med afløb,"Bolig i etageejendom, flerfamiliehus eller to-familiehus",Badeværelse i enheden,133, 1,133,Vandskyllende toilet i enheden,3, 1,400 V el fra værk
1186," Trelleborggade 16, 4. th 2150 Nordhavn ",2425000.0,2015-03-01, Handelstype Alm. frit salg,https://www.boliga.dk//salg/info/101/21420/8200D7A8-7D78-4BAE-A127-567FD32DC3B6,https://www.boliga.dk//bbrinfo/8200d7a8-7d78-4bae-a127-567fd32dc3b6,"(55.70663372, 12.59374543)","Trelleborggade 16, 1. th, 2150 Nordhavn",0101,Egentlig beboelseslejlighed,Eget køkken med afløb,"Bolig i etageejendom, flerfamiliehus eller to-familiehus",Badeværelse i enheden,54, 1,54,Vandskyllende toilet i enheden,2, 1,-
1187," Trelleborggade 18, 1. th 2150 Nordhavn ",2295000.0,2015-03-01, Handelstype Alm. frit salg,https://www.boliga.dk//salg/info/101/21425/00758CCA-3232-4ADF-AB05-08432757D1B0,https://www.boliga.dk//bbrinfo/00758cca-3232-4adf-ab05-08432757d1b0,"(55.70665566, 12.59395718)","Trelleborggade 18, 1. th, 2150 Nordhavn",0101,Egentlig beboelseslejlighed,Eget køkken med afløb,"Bolig i etageejendom, flerfamiliehus eller to-familiehus",Badeværelse i enheden,54, 1,54,Vandskyllende toilet i enheden,2, 1,-
1188," Trelleborggade 16, 2. th 2150 Nordhavn ",2325000.0,2015-01-01, Handelstype Alm. frit salg,https://www.boliga.dk//salg/info/101/21415/8B963583-00A9-45C4-A455-24BF44E4739D,https://www.boliga.dk//bbrinfo/8b963583-00a9-45c4-a455-24bf44e4739d,"(55.70663372, 12.59374543)","Trelleborggade 16, 1. th, 2150 Nordhavn",0101,Egentlig beboelseslejlighed,Eget køkken med afløb,"Bolig i etageejendom, flerfamiliehus eller to-familiehus",Badeværelse i enheden,54, 1,54,Vandskyllende toilet i enheden,2, 1,-
1189," Sandkaj 13, st. tv 2150 Nordhavn ",3695000.0,2015-01-01, Handelstype Alm. frit salg,https://www.boliga.dk//salg/info/101/21450/BAE86E9B-9E88-4DF8-9063-057E35F83787,https://www.boliga.dk//bbrinfo/bae86e9b-9e88-4df8-9063-057e35f83787,"(55.70631673, 12.5937128)","Sandkaj 13, 1. th, 2150 Nordhavn",0101,Egentlig beboelseslejlighed,Eget køkken med afløb,"Bolig i etageejendom, flerfamiliehus eller to-familiehus",Badeværelse i enheden,104, 1,104,Vandskyllende toilet i enheden,3, 1,-
1190," Trelleborggade 20, 4. th 2150 Nordhavn ",5195000.0,2015-01-01, Handelstype Alm. frit salg,https://www.boliga.dk//salg/info/101/21447/3E3355D9-97DD-4792-A94A-F8009CF81F7F,https://www.boliga.dk//bbrinfo/3e3355d9-97dd-4792-a94a-f8009cf81f7f,"(55.70667705, 12.59415088)","Trelleborggade 20, 5., 2150 Nordhavn",0101,Egentlig beboelseslejlighed,Eget køkken med afløb,"Bolig i etageejendom, flerfamiliehus eller to-familiehus",Badeværelse i enheden,116, 2,116,Vandskyllende toilet i enheden,4, 2,-
1191," Trelleborggade 14, 3. tv 2150 Nordhavn ",4995000.0,2015-03-06, Handelstype Alm. frit salg,https://www.boliga.dk//salg/info/101/21403/9619C745-419C-4B17-ABCA-D741A661E4AE,https://www.boliga.dk//bbrinfo/9619c745-419c-4b17-abca-d741a661e4ae,"(55.70661575, 12.59357322)","Trelleborggade 14, 5., 2150 Nordhavn",0101,Egentlig beboelseslejlighed,Eget køkken med afløb,"Bolig i etageejendom, flerfamiliehus eller to-familiehus",Badeværelse i enheden,116, 2,116,Vandskyllende toilet i enheden,4, 2,-
1192," Trelleborggade 20, 2. mf 2150 Nordhavn ",4195000.0,2015-03-06, Handelstype Alm. frit salg,https://www.boliga.dk//salg/info/101/21439/ABF94660-17B2-4724-91E6-B974F3301828,https://www.boliga.dk//bbrinfo/abf94660-17b2-4724-91e6-b974f3301828,"(55.70667705, 12.59415088)","Trelleborggade 20, 5., 2150 Nordhavn",0101,Egentlig beboelseslejlighed,Eget køkken med afløb,"Bolig i etageejendom, flerfamiliehus eller to-familiehus",Badeværelse i enheden,102, 2,102,Vandskyllende toilet i enheden,3, 2,-
1193," Trelleborggade 20, 3. mf 2150 Nordhavn ",4295000.0,2015-03-05, Handelstype Alm. frit salg,https://www.boliga.dk//salg/info/101/21443/3D5111EE-5785-48BF-8812-56DBFF58FC69,https://www.boliga.dk//bbrinfo/3d5111ee-5785-48bf-8812-56dbff58fc69,"(55.70667705, 12.59415088)","Trelleborggade 20, 5., 2150 Nordhavn",0101,Egentlig beboelseslejlighed,Eget køkken med afløb,"Bolig i etageejendom, flerfamiliehus eller to-familiehus",Badeværelse i enheden,102, 2,102,Vandskyllende toilet i enheden,3, 2,-
1194," Trelleborggade 14, 4. th 2150 Nordhavn ",2800000.0,2015-03-05, Handelstype Alm. frit salg,https://www.boliga.dk//salg/info/101/21407/90E7BA9F-891B-461C-AB8F-A2970CDFC574,https://www.boliga.dk//bbrinfo/90e7ba9f-891b-461c-ab8f-a2970cdfc574,"(55.70661575, 12.59357322)","Trelleborggade 14, 5., 2150 Nordhavn",0101,Egentlig beboelseslejlighed,Eget køkken med afløb,"Bolig i etageejendom, flerfamiliehus eller to-familiehus",Badeværelse i enheden,58, 1,58,Vandskyllende toilet i enheden,2, 1,-
1195," Trelleborggade 20, 4. mf 2150 Nordhavn ",6600000.0,2022-05-02, Handelstype Alm. frit salg,https://www.boliga.dk//salg/info/101/21446/6B1BB9D5-EECF-40EC-B936-D21366A8C1FE,https://www.boliga.dk//bbrinfo/6b1bb9d5-eecf-40ec-b936-d21366a8c1fe,"(55.70667705, 12.59415088)","Trelleborggade 20, 5., 2150 Nordhavn",0101,Egentlig beboelseslejlighed,Eget køkken med afløb,"Bolig i etageejendom, flerfamiliehus eller to-familiehus",Badeværelse i enheden,102, 2,102,Vandskyllende toilet i enheden,3, 2,-
1196," Trelleborggade 20, 4. mf 2150 Nordhavn ",4395000.0,2015-03-05, Handelstype Alm. frit salg,https://www.boliga.dk//salg/info/101/21446/6B1BB9D5-EECF-40EC-B936-D21366A8C1FE,https://www.boliga.dk//bbrinfo/6b1bb9d5-eecf-40ec-b936-d21366a8c1fe,"(55.70667705, 12.59415088)","Trelleborggade 20, 5., 2150 Nordhavn",0101,Egentlig beboelseslejlighed,Eget køkken med afløb,"Bolig i etageejendom, flerfamiliehus eller to-familiehus",Badeværelse i enheden,102, 2,102,Vandskyllende toilet i enheden,3, 2,-
1197," Murmanskgade 1, 2. mf 2150 Nordhavn ",7750000.0,2015-03-03, Handelstype Alm. frit salg,https://www.boliga.dk//salg/info/101/17587/DA5B0151-5CD6-472D-A0CC-1725D981203F,https://www.boliga.dk//bbrinfo/da5b0151-5cd6-472d-a0cc-1725d981203f,"(55.70691325, 12.59860775)","Murmanskgade 1, 1. mf, 2150 Nordhavn",0101,Egentlig beboelseslejlighed,Eget køkken med afløb,"Bolig i etageejendom, flerfamiliehus eller to-familiehus",Badeværelse i enheden,134, 1,134,Vandskyllende toilet i enheden,3, 1,400 V el fra værk
1198," Sandkaj 37, 2. th 2150 Nordhavn ",6095000.0,2015-03-02, Handelstype Alm. frit salg,https://www.boliga.dk//salg/info/101/17600/2016F70D-4220-4916-AFA2-47EB74CD70F1,https://www.boliga.dk//bbrinfo/2016f70d-4220-4916-afa2-47eb74cd70f1,"(55.70678507, 12.59818652)","Sandkaj 37, 2150 Nordhavn",0101,Egentlig beboelseslejlighed,Eget køkken med afløb,"Bolig i etageejendom, flerfamiliehus eller to-familiehus",Badeværelse i enheden,111, 1,111,Vandskyllende toilet i enheden,3, 1,400 V el fra værk
1199," Dover Passage 4, 1. tv 2150 Nordhavn ",4095000.0,2015-07-01, Handelstype Alm. frit salg,https://www.boliga.dk//salg/info/101/18722/272749EF-B78A-47A2-AC84-434BD77FDC14,https://www.boliga.dk//bbrinfo/272749ef-b78a-47a2-ac84-434bd77fdc14,"(55.70863885, 12.59617413)","Dover Passage 4, 1. mf, 2150 Nordhavn",0101,Egentlig beboelseslejlighed,Eget køkken med afløb,"Bolig i etageejendom, flerfamiliehus eller to-familiehus",Badeværelse i enheden,93, 1,93,Vandskyllende toilet i enheden,3, 1,-
1200, Rostockgade 14 2150 Nordhavn ,5997914.0,2015-01-01, Handelstype Alm. frit salg,https://www.boliga.dk//salg/info/101/18958/7FEE85C8-9E04-44D1-A6EE-51A8C53741C5,https://www.boliga.dk//bbrinfo/7fee85c8-9e04-44d1-a6ee-51a8c53741c5,"(55.70809222, 12.59393823)","Rostockgade 14, 2150 Nordhavn",0101,Egentlig beboelseslejlighed,Eget køkken med afløb,"Række-, kæde- og klyngehus",Badeværelse i enheden,141, 2,141,Vandskyllende toilet i enheden,4, 2,400 V el fra værk
1201," Helsinkigade 23, 4. th 2150 Nordhavn ",6195000.0,2015-01-01, Handelstype Alm. frit salg,https://www.boliga.dk//salg/info/101/18770/3B9B3766-25E2-4BA0-B587-C263B6F9A783,https://www.boliga.dk//bbrinfo/3b9b3766-25e2-4ba0-b587-c263b6f9a783,"(55.70829786, 12.59659491)","Helsinkigade 23, 1. th, 2150 Nordhavn",0101,Egentlig beboelseslejlighed,Eget køkken med afløb,"Bolig i etageejendom, flerfamiliehus eller to-familiehus",Badeværelse i enheden,119, 1,119,Vandskyllende toilet i enheden,4, 1,-
1202," Helsinkigade 20, 5. 1 2150 Nordhavn ",4809837.0,2015-02-10, Handelstype Alm. frit salg,https://www.boliga.dk//salg/info/101/21621/C1E950FF-F966-46DD-9B0A-CA6DCC44C55F,https://www.boliga.dk//bbrinfo/c1e950ff-f966-46dd-9b0a-ca6dcc44c55f,"(55.70792825, 12.59733266)","Helsinkigade 20, 10., 2150 Nordhavn",0101,Egentlig beboelseslejlighed,Eget køkken med afløb,"Bolig i etageejendom, flerfamiliehus eller to-familiehus",Badeværelse i enheden,114, 1,114,Vandskyllende toilet i enheden,3, 2,-
1203," Antwerpengade 13, 2. 4 2150 Nordhavn ",5895000.0,2015-02-09, Handelstype Alm. frit salg,https://www.boliga.dk//salg/info/101/16535/4496B77D-9781-4E52-A174-F7109F04B54A,https://www.boliga.dk//bbrinfo/4496b77d-9781-4e52-a174-f7109f04b54a,"(55.70731023, 12.5960295)","Antwerpengade 13, 1. 1, 2150 Nordhavn",0101,Egentlig beboelseslejlighed,Eget køkken med afløb,"Bolig i etageejendom, flerfamiliehus eller to-familiehus",Badeværelse i enheden,134, 2,134,Vandskyllende toilet i enheden,5, 2,-
1204," Dover Passage 4, 3. th 2150 Nordhavn ",6095000.0,2015-02-05, Handelstype Alm. frit salg,https://www.boliga.dk//salg/info/101/18731/72921E2E-0494-4690-9535-147420813070,https://www.boliga.dk//bbrinfo/72921e2e-0494-4690-9535-147420813070,"(55.70863885, 12.59617413)","Dover Passage 4, 1. mf, 2150 Nordhavn",0101,Egentlig beboelseslejlighed,Eget køkken med afløb,"Bolig i etageejendom, flerfamiliehus eller to-familiehus",Badeværelse i enheden,125, 1,125,Vandskyllende toilet i enheden,4, 1,-
1205," Travemündegade 3, st 2150 Nordhavn ",47361600.0,2015-01-30, Handelstype Alm. frit salg,https://www.boliga.dk//salg/info/101/11982/1F501624-92A8-4384-AAC1-1D7BD1859C7A,https://www.boliga.dk//bbrinfo/1f501624-92a8-4384-aac1-1d7bd1859c7a,"(55.70744405, 12.59556564)","Travemündegade 3, 2150 Nordhavn",0101,Sommer-/fritidsbolig,Adgang til fælles køkken,Anden enhed til fritidsformål,Hverken badeværelse eller adgang til badeværelse,117, 0,0,Vandskyllende toilet i enheden,2, 2,-
1206, Århusgade 137 2150 Nordhavn ,5754141.0,2015-08-02, Handelstype Alm. frit salg,https://www.boliga.dk//salg/info/101/19129/6771FD3F-2880-4241-B72E-1D98532EBF4D,https://www.boliga.dk//bbrinfo/6771fd3f-2880-4241-b72e-1d98532ebf4d,"(55.70783354, 12.59431212)","Århusgade 137, 2150 Nordhavn",0101,Egentlig beboelseslejlighed,Eget køkken med afløb,"Række-, kæde- og klyngehus",Badeværelse i enheden,117, 1,117,Vandskyllende toilet i enheden,4, 2,-
1207," Århusgade 140, 1. th 2150 Nordhavn ",3150000.0,2015-06-02, Handelstype Alm. frit salg,https://www.boliga.dk//salg/info/101/16522/F71D36F3-4714-4B93-8FF0-4C3E86F3D769,https://www.boliga.dk//bbrinfo/f71d36f3-4714-4b93-8ff0-4c3e86f3d769,"(55.70763799, 12.59589417)","Århusgade 140, 1. th, 2150 Nordhavn",0101,Egentlig beboelseslejlighed,Eget køkken med afløb,"Bolig i etageejendom, flerfamiliehus eller to-familiehus",Badeværelse i enheden,85, 1,85,Vandskyllende toilet i enheden,2, 1,-
1208, Århusgade 143 2150 Nordhavn ,5707597.0,2015-03-02, Handelstype Alm. frit salg,https://www.boliga.dk//salg/info/101/15217/4A5CA3D0-9C34-4DCC-B3DB-8BB9CC3CDE02,https://www.boliga.dk//bbrinfo/4a5ca3d0-9c34-4dcc-b3db-8bb9cc3cde02,"(55.70794064, 12.59445892)","Århusgade 143, 2150 Nordhavn",0101,Egentlig beboelseslejlighed,Eget køkken med afløb,"Række-, kæde- og klyngehus",Badeværelse i enheden,114, 1,114,Vandskyllende toilet i enheden,4, 1,-
1209," Helsinkigade 20, 5. 2 2150 Nordhavn ",5536047.0,2015-09-01, Handelstype Alm. frit salg,https://www.boliga.dk//salg/info/101/21622/365BBEB2-C271-4B3C-A50A-8810754DE51C,https://www.boliga.dk//bbrinfo/365bbeb2-c271-4b3c-a50a-8810754de51c,"(55.70792825, 12.59733266)","Helsinkigade 20, 10., 2150 Nordhavn",0101,Egentlig beboelseslejlighed,Eget køkken med afløb,"Bolig i etageejendom, flerfamiliehus eller to-familiehus",Badeværelse i enheden,119, 1,119,Vandskyllende toilet i enheden,3, 2,-
1210, Rostockgade 12 2150 Nordhavn ,5919829.0,2015-08-01, Handelstype Alm. frit salg,https://www.boliga.dk//salg/info/101/18957/236377CA-B48F-4FE7-9E36-F744F2692ED6,https://www.boliga.dk//bbrinfo/236377ca-b48f-4fe7-9e36-f744f2692ed6,"(55.70805656, 12.59393384)","Rostockgade 12, 2150 Nordhavn",0101,Egentlig beboelseslejlighed,Eget køkken med afløb,"Række-, kæde- og klyngehus",Badeværelse i enheden,141, 2,141,Vandskyllende toilet i enheden,4, 2,400 V el fra værk
1211," Fortkaj 20, 5. th 2150 Nordhavn ",6995000.0,2015-01-08, Handelstype Alm. frit salg,https://www.boliga.dk//salg/info/101/18718/57CE2779-AD0A-4975-92C4-74751409237D,https://www.boliga.dk//bbrinfo/57ce2779-ad0a-4975-92c4-74751409237d,"(55.70865592, 12.59648753)","Fortkaj 20, 1. th, 2150 Nordhavn",0101,Egentlig beboelseslejlighed,Eget køkken med afløb,"Bolig i etageejendom, flerfamiliehus eller to-familiehus",Badeværelse i enheden,134, 1,134,Vandskyllende toilet i enheden,4, 1,-
1212," Göteborg Plads 4, 3. mf 2150 Nordhavn ",8000000.0,2015-01-08, Handelstype Alm. frit salg,https://www.boliga.dk//salg/info/101/17617/9DDE86BD-B6C8-4840-AF60-3D415C20A856,https://www.boliga.dk//bbrinfo/9dde86bd-b6c8-4840-af60-3d415c20a856,"(55.70683921, 12.59778127)","Göteborg Plads 4, 4. mf, 2150 Nordhavn",0101,Egentlig beboelseslejlighed,Eget køkken med afløb,"Bolig i etageejendom, flerfamiliehus eller to-familiehus",Badeværelse i enheden,156, 1,156,Vandskyllende toilet i enheden,3, 1,400 V el fra værk
1213," Sandkaj 37, st. tv 2150 Nordhavn ",5495000.0,2015-01-07, Handelstype Alm. frit salg,https://www.boliga.dk//salg/info/101/17595/52B8AC7E-88EE-44DF-AC63-34A5FF6D5ED1,https://www.boliga.dk//bbrinfo/52b8ac7e-88ee-44df-ac63-34a5ff6d5ed1,"(55.70678507, 12.59818652)","Sandkaj 37, 2150 Nordhavn",0101,Egentlig beboelseslejlighed,Eget køkken med afløb,"Bolig i etageejendom, flerfamiliehus eller to-familiehus",Badeværelse i enheden,111, 1,111,Vandskyllende toilet i enheden,3, 1,400 V el fra værk
1214," Dover Passage 4, 2. tv 2150 Nordhavn ",4250000.0,2014-12-01, Handelstype Alm. frit salg,https://www.boliga.dk//salg/info/101/18726/D65B2A41-FB59-4A39-AD22-0D1C5B8A175E,https://www.boliga.dk//bbrinfo/d65b2a41-fb59-4a39-ad22-0d1c5b8a175e,"(55.70863885, 12.59617413)","Dover Passage 4, 1. mf, 2150 Nordhavn",0101,Egentlig beboelseslejlighed,Eget køkken med afløb,"Bolig i etageejendom, flerfamiliehus eller to-familiehus",Badeværelse i enheden,93, 1,93,Vandskyllende toilet i enheden,3, 1,-
1215," Dunkerquegade 1, 5 2150 Nordhavn ",7200000.0,2014-12-01, Handelstype Alm. frit salg,https://www.boliga.dk//salg/info/101/18692/F19C6424-C53D-4902-B87F-EA83B252ECEF,https://www.boliga.dk//bbrinfo/f19c6424-c53d-4902-b87f-ea83b252ecef,"(55.70844508, 12.59686421)","Dunkerquegade 1, 1. mf, 2150 Nordhavn",0101,Egentlig beboelseslejlighed,Eget køkken med afløb,"Bolig i etageejendom, flerfamiliehus eller to-familiehus",Badeværelse i enheden,145, 1,145,Vandskyllende toilet i enheden,4, 1,-
1216," Sandkaj 37, 5. th 2150 Nordhavn ",7995000.0,2014-09-02, Handelstype Alm. frit salg,https://www.boliga.dk//salg/info/101/17607/86F5E285-0C48-49D9-95A5-D6220D7A79B1,https://www.boliga.dk//bbrinfo/86f5e285-0c48-49d9-95a5-d6220d7a79b1,"(55.70678507, 12.59818652)","Sandkaj 37, 2150 Nordhavn",0101,Egentlig beboelseslejlighed,Eget køkken med afløb,"Bolig i etageejendom, flerfamiliehus eller to-familiehus",Badeværelse i enheden,116, 1,116,Vandskyllende toilet i enheden,3, 1,400 V el fra værk
1217," Helsinkigade 20, 3. 1 2150 Nordhavn ",4176911.0,2014-06-02, Handelstype Alm. frit salg,https://www.boliga.dk//salg/info/101/21613/5D4830C4-823E-4D13-BC12-C91EEDE344C4,https://www.boliga.dk//bbrinfo/5d4830c4-823e-4d13-bc12-c91eede344c4,"(55.70792825, 12.59733266)","Helsinkigade 20, 10., 2150 Nordhavn",0101,Egentlig beboelseslejlighed,Eget køkken med afløb,"Bolig i etageejendom, flerfamiliehus eller to-familiehus",Badeværelse i enheden,114, 1,114,Vandskyllende toilet i enheden,3, 2,-
1218," Helsinkigade 20, 3. 2 2150 Nordhavn ",5134153.0,2014-11-05, Handelstype Alm. frit salg,https://www.boliga.dk//salg/info/101/21614/5F8736F4-B8CB-4CB7-81C8-F2B89BFBC356,https://www.boliga.dk//bbrinfo/5f8736f4-b8cb-4cb7-81c8-f2b89bfbc356,"(55.70792825, 12.59733266)","Helsinkigade 20, 10., 2150 Nordhavn",0101,Egentlig beboelseslejlighed,Eget køkken med afløb,"Bolig i etageejendom, flerfamiliehus eller to-familiehus",Badeværelse i enheden,119, 1,119,Vandskyllende toilet i enheden,3, 2,-
1219," Helsinkigade 20, 6. 2 2150 Nordhavn ",6056938.0,2014-08-02, Handelstype Alm. frit salg,https://www.boliga.dk//salg/info/101/21626/86C50521-4359-4F01-9BB9-3D5AE3E814C7,https://www.boliga.dk//bbrinfo/86c50521-4359-4f01-9bb9-3d5ae3e814c7,"(55.70792825, 12.59733266)","Helsinkigade 20, 10., 2150 Nordhavn",0101,Egentlig beboelseslejlighed,Eget køkken med afløb,"Bolig i etageejendom, flerfamiliehus eller to-familiehus",Badeværelse i enheden,119, 1,119,Vandskyllende toilet i enheden,3, 2,-
1220," Göteborg Plads 12, 2. mf 2150 Nordhavn ",4750000.0,2014-07-02, Handelstype Alm. frit salg,https://www.boliga.dk//salg/info/101/17637/3F6D50DF-3FB7-486A-8B23-5F79A13837CB,https://www.boliga.dk//bbrinfo/3f6d50df-3fb7-486a-8b23-5f79a13837cb,"(55.70708275, 12.59770637)","Göteborg Plads 12, 1. mf, 2150 Nordhavn",0101,Egentlig beboelseslejlighed,Eget køkken med afløb,"Bolig i etageejendom, flerfamiliehus eller to-familiehus",Badeværelse i enheden,129, 1,129,Vandskyllende toilet i enheden,4, 1,400 V el fra værk
1221," Helsinkigade 20, 4. 2 2150 Nordhavn ",5263601.0,2014-10-04, Handelstype Alm. frit salg,https://www.boliga.dk//salg/info/101/21618/729A3B94-FFE8-481A-BF2E-6BA4C4868034,https://www.boliga.dk//bbrinfo/729a3b94-ffe8-481a-bf2e-6ba4c4868034,"(55.70792825, 12.59733266)","Helsinkigade 20, 10., 2150 Nordhavn",0101,Egentlig beboelseslejlighed,Eget køkken med afløb,"Bolig i etageejendom, flerfamiliehus eller to-familiehus",Badeværelse i enheden,119, 1,119,Vandskyllende toilet i enheden,3, 2,-
1222," Helsinkigade 18, 3. 3 2150 Nordhavn ",5371582.0,2014-10-01, Handelstype Alm. frit salg,https://www.boliga.dk//salg/info/101/21571/A12CD1B6-14E2-4577-8E83-C5A566D5C007,https://www.boliga.dk//bbrinfo/a12cd1b6-14e2-4577-8e83-c5a566d5c007,"(55.70798351, 12.59704886)","Helsinkigade 18, 2. 2, 2150 Nordhavn",0101,Egentlig beboelseslejlighed,Eget køkken med afløb,"Bolig i etageejendom, flerfamiliehus eller to-familiehus",Badeværelse i enheden,123, 1,123,Vandskyllende toilet i enheden,3, 2,-
1223," Helsinkigade 18, 2. 3 2150 Nordhavn ",2300000.0,2014-09-30, Handelstype Alm. frit salg,https://www.boliga.dk//salg/info/101/21568/EC6DC7F3-3FFE-410A-A486-4FCF95481F92,https://www.boliga.dk//bbrinfo/ec6dc7f3-3ffe-410a-a486-4fcf95481f92,"(55.70798351, 12.59704886)","Helsinkigade 18, 2. 2, 2150 Nordhavn",0101,Egentlig beboelseslejlighed,Eget køkken med afløb,"Bolig i etageejendom, flerfamiliehus eller to-familiehus",Badeværelse i enheden,62, 1,62,Vandskyllende toilet i enheden,2, 1,-
1224," Århusgade 142, 2. th 2150 Nordhavn ",3700000.0,2014-09-01, Handelstype Alm. frit salg,https://www.boliga.dk//salg/info/101/15837/2365EFC0-30C2-4E02-8C37-7C9F80F030EF,https://www.boliga.dk//bbrinfo/2365efc0-30c2-4e02-8c37-7c9f80f030ef,"(55.70766809, 12.59612213)","Århusgade 142, 1. mf, 2150 Nordhavn",0101,Egentlig beboelseslejlighed,Eget køkken med afløb,"Bolig i etageejendom, flerfamiliehus eller to-familiehus",Badeværelse i enheden,104, 1,104,Vandskyllende toilet i enheden,3, 1,-
1225," Helsinkigade 18, 7. 4 2150 Nordhavn ",5960727.0,2014-07-01, Handelstype Alm. frit salg,https://www.boliga.dk//salg/info/101/21590/000C86FF-CC8E-47E3-882E-779E755059DA,https://www.boliga.dk//bbrinfo/000c86ff-cc8e-47e3-882e-779e755059da,"(55.70798351, 12.59704886)","Helsinkigade 18, 2. 2, 2150 Nordhavn",0101,Egentlig beboelseslejlighed,Eget køkken med afløb,"Bolig i etageejendom, flerfamiliehus eller to-familiehus",Badeværelse i enheden,103, 1,103,Vandskyllende toilet i enheden,3, 1,-
1226, Helsinkigade 6E 2150 Nordhavn ,6574226.0,2014-06-01, Handelstype Alm. frit salg,https://www.boliga.dk//salg/info/101/17880/F9A17557-1040-459C-BF82-834F33509F6F,https://www.boliga.dk//bbrinfo/f9a17557-1040-459c-bf82-834f33509f6f,"(55.70838892, 12.59467881)","Helsinkigade 6E, 2150 Nordhavn",0101,Egentlig beboelseslejlighed,Eget køkken med afløb,"Række-, kæde- og klyngehus",Badeværelse i enheden,153, 2,153,Vandskyllende toilet i enheden,5, 2,-
1227," Helsinkigade 18, 4. 4 2150 Nordhavn ",4575487.0,2014-02-01, Handelstype Alm. frit salg,https://www.boliga.dk//salg/info/101/21577/C8BED153-B717-4158-87D6-A7673910DF41,https://www.boliga.dk//bbrinfo/c8bed153-b717-4158-87d6-a7673910df41,"(55.70798351, 12.59704886)","Helsinkigade 18, 2. 2, 2150 Nordhavn",0101,Egentlig beboelseslejlighed,Eget køkken med afløb,"Bolig i etageejendom, flerfamiliehus eller to-familiehus",Badeværelse i enheden,103, 1,103,Vandskyllende toilet i enheden,3, 1,-
1228," Helsinkigade 18, 8. 1 2150 Nordhavn ",7300283.0,2014-02-01, Handelstype Alm. frit salg,https://www.boliga.dk//salg/info/101/21591/B56C54F8-E308-42EA-A671-AFD25A48F971,https://www.boliga.dk//bbrinfo/b56c54f8-e308-42ea-a671-afd25a48f971,"(55.70798351, 12.59704886)","Helsinkigade 18, 2. 2, 2150 Nordhavn",0101,Egentlig beboelseslejlighed,Eget køkken med afløb,"Bolig i etageejendom, flerfamiliehus eller to-familiehus",Badeværelse i enheden,142, 2,142,Vandskyllende toilet i enheden,4, 2,-
1229," Helsinkigade 18, 4. 3 2150 Nordhavn ",5741818.0,2014-09-08, Handelstype Alm. frit salg,https://www.boliga.dk//salg/info/101/21576/5D28A6F3-F0EB-4F18-8014-888B63F66ADF,https://www.boliga.dk//bbrinfo/5d28a6f3-f0eb-4f18-8014-888b63f66adf,"(55.70798351, 12.59704886)","Helsinkigade 18, 2. 2, 2150 Nordhavn",0101,Egentlig beboelseslejlighed,Eget køkken med afløb,"Bolig i etageejendom, flerfamiliehus eller to-familiehus",Badeværelse i enheden,123, 1,123,Vandskyllende toilet i enheden,3, 2,-
1230," Sankt Petersborg Plads 2, 1. th 2150 Nordhavn ",4750000.0,2014-09-08, Handelstype Alm. frit salg,https://www.boliga.dk//salg/info/101/17543/9AEFF43E-FD04-4E90-AD70-3B1B684BA3A6,https://www.boliga.dk//bbrinfo/9aeff43e-fd04-4e90-ad70-3b1b684ba3a6,"(55.70718713, 12.59799196)","Sankt Petersborg Plads 2, 2. th, 2150 Nordhavn",0101,Egentlig beboelseslejlighed,Eget køkken med afløb,"Bolig i etageejendom, flerfamiliehus eller to-familiehus",Badeværelse i enheden,131, 1,131,Vandskyllende toilet i enheden,4, 1,400 V el fra værk
1231," Helsinkigade 20, 6. 3 2150 Nordhavn ",3706052.0,2014-09-05, Handelstype Alm. frit salg,https://www.boliga.dk//salg/info/101/21627/72B80801-AF4A-4992-BEA2-EF3F10AAF698,https://www.boliga.dk//bbrinfo/72b80801-af4a-4992-bea2-ef3f10aaf698,"(55.70792825, 12.59733266)","Helsinkigade 20, 10., 2150 Nordhavn",0101,Egentlig beboelseslejlighed,Eget køkken med afløb,"Bolig i etageejendom, flerfamiliehus eller to-familiehus",Badeværelse i enheden,90, 1,90,Vandskyllende toilet i enheden,2, 1,-
1232, Kielgade 5 2150 Nordhavn ,7015942.0,2014-09-05, Handelstype Alm. frit salg,https://www.boliga.dk//salg/info/101/17871/10E4A624-E9DF-4AAD-9A01-D2F4394452AB,https://www.boliga.dk//bbrinfo/10e4a624-e9df-4aad-9a01-d2f4394452ab,"(55.70823034, 12.59434302)","Kielgade 5, 2150 Nordhavn",0101,Egentlig beboelseslejlighed,Eget køkken med afløb,"Række-, kæde- og klyngehus",Badeværelse i enheden,152, 2,152,Vandskyllende toilet i enheden,5, 2,-
1233, Kielgade 5 2150 Nordhavn ,7015942.0,2014-09-05, Handelstype Alm. frit salg,https://www.boliga.dk//salg/info/101/17871/10E4A624-E9DF-4AAD-9A01-D2F4394452AB,https://www.boliga.dk//bbrinfo/10e4a624-e9df-4aad-9a01-d2f4394452ab,"(55.70823034, 12.59434302)","Kielgade 5, 2150 Nordhavn",0101,Egentlig beboelseslejlighed,Eget køkken med afløb,"Række-, kæde- og klyngehus",Badeværelse i enheden,152, 2,152,Vandskyllende toilet i enheden,5, 2,-
1234," Murmanskgade 1, 4. tv 2150 Nordhavn ",9870000.0,2014-09-05, Handelstype Alm. frit salg,https://www.boliga.dk//salg/info/101/17593/355AE007-FF08-4849-B32E-C5B999701E2F,https://www.boliga.dk//bbrinfo/355ae007-ff08-4849-b32e-c5b999701e2f,"(55.70691325, 12.59860775)","Murmanskgade 1, 1. mf, 2150 Nordhavn",0101,Egentlig beboelseslejlighed,Eget køkken med afløb,"Bolig i etageejendom, flerfamiliehus eller to-familiehus",Badeværelse i enheden,136, 1,136,Vandskyllende toilet i enheden,3, 1,400 V el fra værk
1235," Helsinkigade 18, 9. 2 2150 Nordhavn ",4021240.0,2014-09-03, Handelstype Alm. frit salg,https://www.boliga.dk//salg/info/101/21596/A9928D0B-C4D4-42EC-8579-881A218AC772,https://www.boliga.dk//bbrinfo/a9928d0b-c4d4-42ec-8579-881a218ac772,"(55.70798351, 12.59704886)","Helsinkigade 18, 2. 2, 2150 Nordhavn",0101,Egentlig beboelseslejlighed,Eget køkken med afløb,"Bolig i etageejendom, flerfamiliehus eller to-familiehus",Badeværelse i enheden,84, 1,84,Vandskyllende toilet i enheden,2, 1,-
1236," Helsinkigade 20, 8. 2 2150 Nordhavn ",6400000.0,2014-09-03, Handelstype Alm. frit salg,https://www.boliga.dk//salg/info/101/21635/012DFDBD-A7DA-48EE-8AC6-BA4D07A0CBDE,https://www.boliga.dk//bbrinfo/012dfdbd-a7da-48ee-8ac6-ba4d07a0cbde,"(55.70792825, 12.59733266)","Helsinkigade 20, 10., 2150 Nordhavn",0101,Egentlig beboelseslejlighed,Eget køkken med afløb,"Bolig i etageejendom, flerfamiliehus eller to-familiehus",Badeværelse i enheden,119, 1,119,Vandskyllende toilet i enheden,3, 2,-
1237," Helsinkigade 20, 8. 2 2150 Nordhavn ",6400000.0,2014-09-03, Handelstype Alm. frit salg,https://www.boliga.dk//salg/info/101/21635/012DFDBD-A7DA-48EE-8AC6-BA4D07A0CBDE,https://www.boliga.dk//bbrinfo/012dfdbd-a7da-48ee-8ac6-ba4d07a0cbde,"(55.70792825, 12.59733266)","Helsinkigade 20, 10., 2150 Nordhavn",0101,Egentlig beboelseslejlighed,Eget køkken med afløb,"Bolig i etageejendom, flerfamiliehus eller to-familiehus",Badeværelse i enheden,119, 1,119,Vandskyllende toilet i enheden,3, 2,-
1238," Helsinkigade 18, 5. 3 2150 Nordhavn ",5726533.0,2014-09-01, Handelstype Alm. frit salg,https://www.boliga.dk//salg/info/101/21581/DA2E55A9-B281-4D0D-84D6-B496A916FDCB,https://www.boliga.dk//bbrinfo/da2e55a9-b281-4d0d-84d6-b496a916fdcb,"(55.70798351, 12.59704886)","Helsinkigade 18, 2. 2, 2150 Nordhavn",0101,Egentlig beboelseslejlighed,Eget køkken med afløb,"Bolig i etageejendom, flerfamiliehus eller to-familiehus",Badeværelse i enheden,123, 1,123,Vandskyllende toilet i enheden,3, 2,-
1239," Helsinkigade 18, 6. 3 2150 Nordhavn ",6070118.0,2014-09-01, Handelstype Alm. frit salg,https://www.boliga.dk//salg/info/101/21585/F8EF55CB-52E1-4560-846D-BC6E250018C2,https://www.boliga.dk//bbrinfo/f8ef55cb-52e1-4560-846d-bc6e250018c2,"(55.70798351, 12.59704886)","Helsinkigade 18, 2. 2, 2150 Nordhavn",0101,Egentlig beboelseslejlighed,Eget køkken med afløb,"Bolig i etageejendom, flerfamiliehus eller to-familiehus",Badeværelse i enheden,123, 1,123,Vandskyllende toilet i enheden,3, 2,-
1240," Helsinkigade 18, 10. 1 2150 Nordhavn ",9481423.0,2014-09-01, Handelstype Alm. frit salg,https://www.boliga.dk//salg/info/101/21600/5D0524A1-7D29-4846-BA82-5B8312B454C1,https://www.boliga.dk//bbrinfo/5d0524a1-7d29-4846-ba82-5b8312b454c1,"(55.70798351, 12.59704886)","Helsinkigade 18, 2. 2, 2150 Nordhavn",0101,Egentlig beboelseslejlighed,Eget køkken med afløb,"Bolig i etageejendom, flerfamiliehus eller to-familiehus",Badeværelse i enheden,162, 1,162,Vandskyllende toilet i enheden,4, 1,-
1241," Helsinkigade 18, 8. 3 2150 Nordhavn ",6518687.0,2014-09-01, Handelstype Alm. frit salg,https://www.boliga.dk//salg/info/101/21593/FBC463F6-353A-4237-80E7-FA3D8E316ED1,https://www.boliga.dk//bbrinfo/fbc463f6-353a-4237-80e7-fa3d8e316ed1,"(55.70798351, 12.59704886)","Helsinkigade 18, 2. 2, 2150 Nordhavn",0101,Egentlig beboelseslejlighed,Eget køkken med afløb,"Bolig i etageejendom, flerfamiliehus eller to-familiehus",Badeværelse i enheden,123, 1,123,Vandskyllende toilet i enheden,3, 2,-
1242," Helsinkigade 20, 4. 1 2150 Nordhavn ",4424534.0,2014-07-02, Handelstype Alm. frit salg,https://www.boliga.dk//salg/info/101/21617/3CD39611-260C-4812-9A09-6A8341452D44,https://www.boliga.dk//bbrinfo/3cd39611-260c-4812-9a09-6a8341452d44,"(55.70792825, 12.59733266)","Helsinkigade 20, 10., 2150 Nordhavn",0101,Egentlig beboelseslejlighed,Eget køkken med afløb,"Bolig i etageejendom, flerfamiliehus eller to-familiehus",Badeværelse i enheden,114, 1,114,Vandskyllende toilet i enheden,3, 2,-
1243," Helsinkigade 20, 8. 1 2150 Nordhavn ",5672176.0,2014-06-02, Handelstype Alm. frit salg,https://www.boliga.dk//salg/info/101/21634/B2F6DA32-A8F3-454B-9BFB-A8918DBCFAC4,https://www.boliga.dk//bbrinfo/b2f6da32-a8f3-454b-9bfb-a8918dbcfac4,"(55.70792825, 12.59733266)","Helsinkigade 20, 10., 2150 Nordhavn",0101,Egentlig beboelseslejlighed,Eget køkken med afløb,"Bolig i etageejendom, flerfamiliehus eller to-familiehus",Badeværelse i enheden,114, 1,114,Vandskyllende toilet i enheden,3, 2,-
1244," Helsinkigade 18, 7. 2 2150 Nordhavn ",3856944.0,2014-06-02, Handelstype Alm. frit salg,https://www.boliga.dk//salg/info/101/21588/DBC34B54-06FB-40A1-92C3-3962378C9CED,https://www.boliga.dk//bbrinfo/dbc34b54-06fb-40a1-92c3-3962378c9ced,"(55.70798351, 12.59704886)","Helsinkigade 18, 2. 2, 2150 Nordhavn",0101,Egentlig beboelseslejlighed,Eget køkken med afløb,"Bolig i etageejendom, flerfamiliehus eller to-familiehus",Badeværelse i enheden,84, 1,84,Vandskyllende toilet i enheden,2, 1,-
1245, Kielgade 9 2150 Nordhavn ,7028673.0,2014-08-10, Handelstype Alm. frit salg,https://www.boliga.dk//salg/info/101/17873/B8A2B8E3-845F-414B-9DF2-ECC8D9092B08,https://www.boliga.dk//bbrinfo/b8a2b8e3-845f-414b-9df2-ecc8d9092b08,"(55.70817512, 12.59465008)","Kielgade 9, 2150 Nordhavn",0101,Egentlig beboelseslejlighed,Eget køkken med afløb,"Række-, kæde- og klyngehus",Badeværelse i enheden,152, 2,152,Vandskyllende toilet i enheden,5, 2,-
1246," Dover Passage 4, st. mf 2150 Nordhavn ",3550000.0,2014-08-07, Handelstype Alm. frit salg,https://www.boliga.dk//salg/info/101/18720/A16D792B-E421-43A1-BA53-890FB1415719,https://www.boliga.dk//bbrinfo/a16d792b-e421-43a1-ba53-890fb1415719,"(55.70863885, 12.59617413)","Dover Passage 4, 1. mf, 2150 Nordhavn",0101,Egentlig beboelseslejlighed,Eget køkken med afløb,"Bolig i etageejendom, flerfamiliehus eller to-familiehus",Badeværelse i enheden,101, 1,101,Vandskyllende toilet i enheden,4, 1,-
1247, Kielgade 6 2150 Nordhavn ,6940421.0,2014-08-04, Handelstype Alm. frit salg,https://www.boliga.dk//salg/info/101/19123/5F1CE5EA-8F56-4220-829E-24BC3CEC82D6,https://www.boliga.dk//bbrinfo/5f1ce5ea-8f56-4220-829e-24bc3cec82d6,"(55.7080994, 12.59443274)","Kielgade 6, 2150 Nordhavn",0101,Egentlig beboelseslejlighed,Eget køkken med afløb,"Række-, kæde- og klyngehus",Badeværelse i enheden,166, 2,166,Vandskyllende toilet i enheden,5, 3,400 V el fra værk
1248," Murmanskgade 3, st. th 2150 Nordhavn ",3995000.0,2014-08-04, Handelstype Alm. frit salg,https://www.boliga.dk//salg/info/101/17563/CD4BA99B-F1FB-4A0A-A2D2-36E4367911DC,https://www.boliga.dk//bbrinfo/cd4ba99b-f1fb-4a0a-a2d2-36e4367911dc,"(55.70716738, 12.59860693)","Murmanskgade 3, 3. mf, 2150 Nordhavn",0101,Egentlig beboelseslejlighed,Eget køkken med afløb,"Bolig i etageejendom, flerfamiliehus eller to-familiehus",Badeværelse i enheden,118, 1,118,Vandskyllende toilet i enheden,4, 1,400 V el fra værk
1249," Dover Passage 2, 2. th 2150 Nordhavn ",4595000.0,2014-08-04, Handelstype Alm. frit salg,https://www.boliga.dk//salg/info/101/18739/AB2DA19E-8988-4193-A647-AEF3E97771FF,https://www.boliga.dk//bbrinfo/ab2da19e-8988-4193-a647-aef3e97771ff,"(55.70849348, 12.59608751)","Dover Passage 2, 2. th, 2150 Nordhavn",0101,Egentlig beboelseslejlighed,Eget køkken med afløb,"Bolig i etageejendom, flerfamiliehus eller to-familiehus",Badeværelse i enheden,130, 1,130,Vandskyllende toilet i enheden,4, 1,-
1250," Sankt Petersborg Plads 4, 4. tv 2150 Nordhavn ",5750000.0,2014-05-01, Handelstype Alm. frit salg,https://www.boliga.dk//salg/info/101/17558/A084D0F3-CF81-45B8-9E80-3D52B309259D,https://www.boliga.dk//bbrinfo/a084d0f3-cf81-45b8-9e80-3d52b309259d,"(55.70721925, 12.59831326)","Sankt Petersborg Plads 4, 2150 Nordhavn",0101,Egentlig beboelseslejlighed,Eget køkken med afløb,"Bolig i etageejendom, flerfamiliehus eller to-familiehus",Badeværelse i enheden,113, 1,113,Vandskyllende toilet i enheden,2, 1,400 V el fra værk
1251," Dover Passage 2, st. mf 2150 Nordhavn ",1695000.0,2014-07-09, Handelstype Alm. frit salg,https://www.boliga.dk//salg/info/101/18734/60E03081-7185-45BF-A17B-CC2B3AA257ED,https://www.boliga.dk//bbrinfo/60e03081-7185-45bf-a17b-cc2b3aa257ed,"(55.70849348, 12.59608751)","Dover Passage 2, 2. th, 2150 Nordhavn",0101,Egentlig beboelseslejlighed,Eget køkken med afløb,"Bolig i etageejendom, flerfamiliehus eller to-familiehus",Badeværelse i enheden,65, 1,65,Vandskyllende toilet i enheden,2, 1,-
1252," Helsinkigade 19, 1. tv 2150 Nordhavn ",3450000.0,2014-07-09, Handelstype Alm. frit salg,https://www.boliga.dk//salg/info/101/18745/1A8F6E09-D4FF-4B78-9B92-1EB7567B7EDE,https://www.boliga.dk//bbrinfo/1a8f6e09-d4ff-4b78-9b92-1eb7567b7ede,"(55.70837293, 12.59617516)","Helsinkigade 19, 3., 2150 Nordhavn",0101,Egentlig beboelseslejlighed,Eget køkken med afløb,"Bolig i etageejendom, flerfamiliehus eller to-familiehus",Badeværelse i enheden,105, 1,105,Vandskyllende toilet i enheden,4, 1,-
1253," Helsinkigade 21, 1. th 2150 Nordhavn ",3395000.0,2014-07-04, Handelstype Alm. frit salg,https://www.boliga.dk//salg/info/101/18754/4FC7F5D8-1DF9-45F0-858B-4A7A0330A43F,https://www.boliga.dk//bbrinfo/4fc7f5d8-1df9-45f0-858b-4a7a0330a43f,"(55.70833562, 12.59638354)","Helsinkigade 21, 4., 2150 Nordhavn",0101,Egentlig beboelseslejlighed,Eget køkken med afløb,"Bolig i etageejendom, flerfamiliehus eller to-familiehus",Badeværelse i enheden,101, 1,101,Vandskyllende toilet i enheden,4, 1,-
1254," Murmanskgade 1, 1. tv 2150 Nordhavn ",7495000.0,2014-06-30, Handelstype Alm. frit salg,https://www.boliga.dk//salg/info/101/17582/03E3FDF0-27BF-4FFD-8080-EF1A9C5A1EB7,https://www.boliga.dk//bbrinfo/03e3fdf0-27bf-4ffd-8080-ef1a9c5a1eb7,"(55.70691325, 12.59860775)","Murmanskgade 1, 1. mf, 2150 Nordhavn",0101,Egentlig beboelseslejlighed,Eget køkken med afløb,"Bolig i etageejendom, flerfamiliehus eller to-familiehus",Badeværelse i enheden,162, 1,162,Vandskyllende toilet i enheden,3, 1,400 V el fra værk
1255," Dover Passage 4, 3. mf 2150 Nordhavn ",4850000.0,2014-09-02, Handelstype Alm. frit salg,https://www.boliga.dk//salg/info/101/18730/87FFC766-2D2F-4D0D-82F3-31C8ECE1DBE3,https://www.boliga.dk//bbrinfo/87ffc766-2d2f-4d0d-82f3-31c8ece1dbe3,"(55.70863885, 12.59617413)","Dover Passage 4, 1. mf, 2150 Nordhavn",0101,Egentlig beboelseslejlighed,Eget køkken med afløb,"Bolig i etageejendom, flerfamiliehus eller to-familiehus",Badeværelse i enheden,101, 1,101,Vandskyllende toilet i enheden,4, 1,-
1256," Göteborg Plads 4, 1. tv 2150 Nordhavn ",6250000.0,2014-07-02, Handelstype Alm. frit salg,https://www.boliga.dk//salg/info/101/17609/CB20DAF7-1235-4C26-BFDD-21ECDB59E9E3,https://www.boliga.dk//bbrinfo/cb20daf7-1235-4c26-bfdd-21ecdb59e9e3,"(55.70683921, 12.59778127)","Göteborg Plads 4, 4. mf, 2150 Nordhavn",0101,Egentlig beboelseslejlighed,Eget køkken med afløb,"Bolig i etageejendom, flerfamiliehus eller to-familiehus",Badeværelse i enheden,133, 1,133,Vandskyllende toilet i enheden,3, 1,400 V el fra værk
1257," Helsinkigade 23, st. th 2150 Nordhavn ",2895000.0,2014-06-02, Handelstype Alm. frit salg,https://www.boliga.dk//salg/info/101/18761/C6796377-5427-48A8-9151-092824D02DEF,https://www.boliga.dk//bbrinfo/c6796377-5427-48a8-9151-092824d02def,"(55.70829786, 12.59659491)","Helsinkigade 23, 1. th, 2150 Nordhavn",0101,Egentlig beboelseslejlighed,Eget køkken med afløb,"Bolig i etageejendom, flerfamiliehus eller to-familiehus",Badeværelse i enheden,97, 1,97,Vandskyllende toilet i enheden,4, 1,-
1258," Göteborg Plads 4, 2. th 2150 Nordhavn ",3295000.0,2014-05-02, Handelstype Alm. frit salg,https://www.boliga.dk//salg/info/101/17615/3B3211C9-F53C-4DA0-B0E2-E5FEA0580794,https://www.boliga.dk//bbrinfo/3b3211c9-f53c-4da0-b0e2-e5fea0580794,"(55.70683921, 12.59778127)","Göteborg Plads 4, 4. mf, 2150 Nordhavn",0101,Egentlig beboelseslejlighed,Eget køkken med afløb,"Bolig i etageejendom, flerfamiliehus eller to-familiehus",Badeværelse i enheden,70, 1,70,Vandskyllende toilet i enheden,2, 1,400 V el fra værk
1259, Helsinkigade 6G 2150 Nordhavn ,6202865.0,2014-04-02, Handelstype Salg i øvrigt,https://www.boliga.dk//salg/info/101/17882/61227881-AE4F-4CCB-BD39-985C010DEAF4,https://www.boliga.dk//bbrinfo/61227881-ae4f-4ccb-bd39-985c010deaf4,"(55.70832783, 12.59498662)","Helsinkigade 6G, 2150 Nordhavn",0101,Egentlig beboelseslejlighed,Eget køkken med afløb,"Række-, kæde- og klyngehus",Badeværelse i enheden,153, 2,153,Vandskyllende toilet i enheden,5, 2,-
1260," Helsinkigade 21, 3. tv 2150 Nordhavn ",3750000.0,2014-06-01, Handelstype Alm. frit salg,https://www.boliga.dk//salg/info/101/18757/EB11E83D-0DC5-4403-8282-0159C4A22BB9,https://www.boliga.dk//bbrinfo/eb11e83d-0dc5-4403-8282-0159c4a22bb9,"(55.70833562, 12.59638354)","Helsinkigade 21, 4., 2150 Nordhavn",0101,Egentlig beboelseslejlighed,Eget køkken med afløb,"Bolig i etageejendom, flerfamiliehus eller to-familiehus",Badeværelse i enheden,103, 1,103,Vandskyllende toilet i enheden,4, 1,-
1261," Göteborg Plads 4, 4. th 2150 Nordhavn ",3495000.0,2014-06-06, Handelstype Alm. frit salg,https://www.boliga.dk//salg/info/101/17622/4D8C56B3-8C1F-4005-B62E-9BD1B9790F75,https://www.boliga.dk//bbrinfo/4d8c56b3-8c1f-4005-b62e-9bd1b9790f75,"(55.70683921, 12.59778127)","Göteborg Plads 4, 4. mf, 2150 Nordhavn",0101,Egentlig beboelseslejlighed,Eget køkken med afløb,"Bolig i etageejendom, flerfamiliehus eller to-familiehus",Badeværelse i enheden,70, 1,70,Vandskyllende toilet i enheden,2, 1,400 V el fra værk
1262," Helsinkigade 19, st. th 2150 Nordhavn ",2395000.0,2014-06-06, Handelstype Alm. frit salg,https://www.boliga.dk//salg/info/101/18744/2EC7B413-0D24-4483-94DB-3439416D36DE,https://www.boliga.dk//bbrinfo/2ec7b413-0d24-4483-94db-3439416d36de,"(55.70837293, 12.59617516)","Helsinkigade 19, 3., 2150 Nordhavn",0101,Egentlig beboelseslejlighed,Eget køkken med afløb,"Bolig i etageejendom, flerfamiliehus eller to-familiehus",Badeværelse i enheden,79, 1,79,Vandskyllende toilet i enheden,2, 1,-
1263," Dunkerquegade 1, st. tv 2150 Nordhavn ",1595000.0,2014-06-06, Handelstype Alm. frit salg,https://www.boliga.dk//salg/info/101/18675/56ED7223-224B-4ED8-8702-0A54EF775F0C,https://www.boliga.dk//bbrinfo/56ed7223-224b-4ed8-8702-0a54ef775f0c,"(55.70844508, 12.59686421)","Dunkerquegade 1, 1. mf, 2150 Nordhavn",0101,Egentlig beboelseslejlighed,Eget køkken med afløb,"Bolig i etageejendom, flerfamiliehus eller to-familiehus",Badeværelse i enheden,53, 1,53,Vandskyllende toilet i enheden,2, 1,-
1264," Dunkerquegade 1, st. mf 2150 Nordhavn ",1750000.0,2014-06-06, Handelstype Alm. frit salg,https://www.boliga.dk//salg/info/101/18676/6B30CC84-8A8D-4857-83F9-28898CA4F284,https://www.boliga.dk//bbrinfo/6b30cc84-8a8d-4857-83f9-28898ca4f284,"(55.70844508, 12.59686421)","Dunkerquegade 1, 1. mf, 2150 Nordhavn",0101,Egentlig beboelseslejlighed,Eget køkken med afløb,"Bolig i etageejendom, flerfamiliehus eller to-familiehus",Badeværelse i enheden,57, 1,57,Vandskyllende toilet i enheden,2, 1,-
1265," Helsinkigade 23, 1. th 2150 Nordhavn ",3350000.0,2014-06-02, Handelstype Alm. frit salg,https://www.boliga.dk//salg/info/101/18763/91B260F9-6E0A-439F-BE06-64868BB110DA,https://www.boliga.dk//bbrinfo/91b260f9-6e0a-439f-be06-64868bb110da,"(55.70829786, 12.59659491)","Helsinkigade 23, 1. th, 2150 Nordhavn",0101,Egentlig beboelseslejlighed,Eget køkken med afløb,"Bolig i etageejendom, flerfamiliehus eller to-familiehus",Badeværelse i enheden,99, 1,99,Vandskyllende toilet i enheden,4, 1,-
1266," Dunkerquegade 1, 1. mf 2150 Nordhavn ",1850000.0,2014-06-02, Handelstype Alm. frit salg,https://www.boliga.dk//salg/info/101/18680/D4D7202D-8AF8-43CF-B3CD-DE0581E2D092,https://www.boliga.dk//bbrinfo/d4d7202d-8af8-43cf-b3cd-de0581e2d092,"(55.70844508, 12.59686421)","Dunkerquegade 1, 1. mf, 2150 Nordhavn",0101,Egentlig beboelseslejlighed,Eget køkken med afløb,"Bolig i etageejendom, flerfamiliehus eller to-familiehus",Badeværelse i enheden,57, 1,57,Vandskyllende toilet i enheden,2, 1,-
1267," Fortkaj 20, st. th 2150 Nordhavn ",3595000.0,2014-06-02, Handelstype Alm. frit salg,https://www.boliga.dk//salg/info/101/18706/7903615C-2B91-4CC1-9AF2-47C64849010A,https://www.boliga.dk//bbrinfo/7903615c-2b91-4cc1-9af2-47c64849010a,"(55.70865592, 12.59648753)","Fortkaj 20, 1. th, 2150 Nordhavn",0101,Egentlig beboelseslejlighed,Eget køkken med afløb,"Bolig i etageejendom, flerfamiliehus eller to-familiehus",Badeværelse i enheden,103, 1,103,Vandskyllende toilet i enheden,4, 1,-
1268," Sandkaj 37, 3. th 2150 Nordhavn ",6195000.0,2014-05-30, Handelstype Alm. frit salg,https://www.boliga.dk//salg/info/101/17602/8201CE0C-C604-44FC-8270-7681CDD4258D,https://www.boliga.dk//bbrinfo/8201ce0c-c604-44fc-8270-7681cdd4258d,"(55.70678507, 12.59818652)","Sandkaj 37, 2150 Nordhavn",0101,Egentlig beboelseslejlighed,Eget køkken med afløb,"Bolig i etageejendom, flerfamiliehus eller to-familiehus",Badeværelse i enheden,111, 1,111,Vandskyllende toilet i enheden,3, 1,400 V el fra værk
1269," Dunkerquegade 1, 3. tv 2150 Nordhavn ",1995000.0,2014-09-02, Handelstype Alm. frit salg,https://www.boliga.dk//salg/info/101/18685/492AED91-8218-4AB1-9F00-E65D62FC029A,https://www.boliga.dk//bbrinfo/492aed91-8218-4ab1-9f00-e65d62fc029a,"(55.70844508, 12.59686421)","Dunkerquegade 1, 1. mf, 2150 Nordhavn",0101,Egentlig beboelseslejlighed,Eget køkken med afløb,"Bolig i etageejendom, flerfamiliehus eller to-familiehus",Badeværelse i enheden,59, 1,59,Vandskyllende toilet i enheden,2, 1,-
1270," Göteborg Plads 4, 1. th 2150 Nordhavn ",2995000.0,2014-07-02, Handelstype Alm. frit salg,https://www.boliga.dk//salg/info/101/17611/2B8F4CDE-446F-4720-BFEF-C1225429D209,https://www.boliga.dk//bbrinfo/2b8f4cde-446f-4720-bfef-c1225429d209,"(55.70683921, 12.59778127)","Göteborg Plads 4, 4. mf, 2150 Nordhavn",0101,Egentlig beboelseslejlighed,Eget køkken med afløb,"Bolig i etageejendom, flerfamiliehus eller to-familiehus",Badeværelse i enheden,70, 1,70,Vandskyllende toilet i enheden,3, 1,400 V el fra værk
1271, Kielgade 3 2150 Nordhavn ,6562890.0,2014-07-02, Handelstype Alm. frit salg,https://www.boliga.dk//salg/info/101/17870/B1D6DF69-9432-42F6-BE8E-72C4F8DAC123,https://www.boliga.dk//bbrinfo/b1d6df69-9432-42f6-be8e-72c4f8dac123,"(55.70825681, 12.59419447)","Kielgade 3, 2150 Nordhavn",0101,Egentlig beboelseslejlighed,Eget køkken med afløb,"Række-, kæde- og klyngehus",Badeværelse i enheden,152, 2,152,Vandskyllende toilet i enheden,5, 2,-
1272, Helsinkigade 6F 2150 Nordhavn ,6601593.0,2014-07-02, Handelstype Alm. frit salg,https://www.boliga.dk//salg/info/101/17881/6CA0C2D4-0341-4415-BA25-4F7BAEC30809,https://www.boliga.dk//bbrinfo/6ca0c2d4-0341-4415-ba25-4f7baec30809,"(55.70835597, 12.59484253)","Helsinkigade 6F, 2150 Nordhavn",0101,Egentlig beboelseslejlighed,Eget køkken med afløb,"Række-, kæde- og klyngehus",Badeværelse i enheden,153, 2,153,Vandskyllende toilet i enheden,5, 2,-
1273," Dover Passage 2, st. th 2150 Nordhavn ",1695000.0,2014-06-02, Handelstype Alm. frit salg,https://www.boliga.dk//salg/info/101/18735/4655DB1F-D995-489D-9A30-C6A1A3C2F973,https://www.boliga.dk//bbrinfo/4655db1f-d995-489d-9a30-c6a1a3c2f973,"(55.70849348, 12.59608751)","Dover Passage 2, 2. th, 2150 Nordhavn",0101,Egentlig beboelseslejlighed,Eget køkken med afløb,"Bolig i etageejendom, flerfamiliehus eller to-familiehus",Badeværelse i enheden,60, 1,60,Vandskyllende toilet i enheden,2, 1,-
1274," Murmanskgade 3, 1. th 2150 Nordhavn ",6995000.0,2014-02-02, Handelstype Alm. frit salg,https://www.boliga.dk//salg/info/101/17566/B3A3E949-B1BF-4603-B856-EEA2176EB955,https://www.boliga.dk//bbrinfo/b3a3e949-b1bf-4603-b856-eea2176eb955,"(55.70716738, 12.59860693)","Murmanskgade 3, 3. mf, 2150 Nordhavn",0101,Egentlig beboelseslejlighed,Eget køkken med afløb,"Bolig i etageejendom, flerfamiliehus eller to-familiehus",Badeværelse i enheden,162, 2,162,Vandskyllende toilet i enheden,5, 2,400 V el fra værk
1275," Sankt Petersborg Plads 4, st. tv 2150 Nordhavn ",2395000.0,2014-09-01, Handelstype Alm. frit salg,https://www.boliga.dk//salg/info/101/17550/FEA6BACB-1B54-4653-9AC0-26AD126CE4F2,https://www.boliga.dk//bbrinfo/fea6bacb-1b54-4653-9ac0-26ad126ce4f2,"(55.70721925, 12.59831326)","Sankt Petersborg Plads 4, 2150 Nordhavn",0101,Egentlig beboelseslejlighed,Eget køkken med afløb,"Bolig i etageejendom, flerfamiliehus eller to-familiehus",Badeværelse i enheden,71, 1,71,Vandskyllende toilet i enheden,2, 1,400 V el fra værk
1276, Kielgade 4 2150 Nordhavn ,6801730.0,2014-06-01, Handelstype Alm. frit salg,https://www.boliga.dk//salg/info/101/19122/B6A33A75-4228-401B-A7F9-4BFF3E1ECB20,https://www.boliga.dk//bbrinfo/b6a33a75-4228-401b-a7f9-4bff3e1ecb20,"(55.70811431, 12.5943564)","Kielgade 4, 2150 Nordhavn",0101,Egentlig beboelseslejlighed,Eget køkken med afløb,"Række-, kæde- og klyngehus",Badeværelse i enheden,166, 2,166,Vandskyllende toilet i enheden,5, 3,400 V el fra værk
1277, Rostockgade 10 2150 Nordhavn ,6291154.0,2014-03-01, Handelstype Alm. frit salg,https://www.boliga.dk//salg/info/101/18956/53660DF6-9C0E-4549-A8B6-1891FD26C566,https://www.boliga.dk//bbrinfo/53660df6-9c0e-4549-a8b6-1891fd26c566,"(55.70801968, 12.59392806)","Rostockgade 10, 2150 Nordhavn",0101,Egentlig beboelseslejlighed,Eget køkken med afløb,"Række-, kæde- og klyngehus",Badeværelse i enheden,155, 2,155,Vandskyllende toilet i enheden,4, 2,400 V el fra værk
1278, Kielgade 10 2150 Nordhavn ,6968558.0,2014-02-01, Handelstype Alm. frit salg,https://www.boliga.dk//salg/info/101/19125/150C9F9B-9974-469E-AF50-2FEDC22CFC10,https://www.boliga.dk//bbrinfo/150c9f9b-9974-469e-af50-2fedc22cfc10,"(55.70806789, 12.59459054)","Kielgade 10, 2150 Nordhavn",0101,Egentlig beboelseslejlighed,Eget køkken med afløb,"Række-, kæde- og klyngehus",Badeværelse i enheden,181, 2,181,Vandskyllende toilet i enheden,5, 3,400 V el fra værk
1279, Kielgade 7 2150 Nordhavn ,6427706.0,2014-02-01, Handelstype Alm. frit salg,https://www.boliga.dk//salg/info/101/17872/350F8D99-46E7-4EB5-9F82-B0210473A700,https://www.boliga.dk//bbrinfo/350f8d99-46e7-4eb5-9f82-b0210473a700,"(55.70820209, 12.59449394)","Kielgade 7, 2150 Nordhavn",0101,Egentlig beboelseslejlighed,Eget køkken med afløb,"Række-, kæde- og klyngehus",Badeværelse i enheden,152, 2,152,Vandskyllende toilet i enheden,5, 2,-
1280, Kielgade 7 2150 Nordhavn ,6427706.0,2014-02-01, Handelstype Alm. frit salg,https://www.boliga.dk//salg/info/101/17872/350F8D99-46E7-4EB5-9F82-B0210473A700,https://www.boliga.dk//bbrinfo/350f8d99-46e7-4eb5-9f82-b0210473a700,"(55.70820209, 12.59449394)","Kielgade 7, 2150 Nordhavn",0101,Egentlig beboelseslejlighed,Eget køkken med afløb,"Række-, kæde- og klyngehus",Badeværelse i enheden,152, 2,152,Vandskyllende toilet i enheden,5, 2,-
1281, Helsinkigade 6B 2150 Nordhavn ,5127278.0,2014-05-08, Handelstype Alm. frit salg,https://www.boliga.dk//salg/info/101/17876/B0B9DA7D-4745-4862-AB24-889F8A687DC1,https://www.boliga.dk//bbrinfo/b0b9da7d-4745-4862-ab24-889f8a687dc1,"(55.70844314, 12.59419695)","Helsinkigade 6B, 2150 Nordhavn",0101,Egentlig beboelseslejlighed,Eget køkken med afløb,"Række-, kæde- og klyngehus",Badeværelse i enheden,119, 2,119,Vandskyllende toilet i enheden,4, 2,-
1282," Fortkaj 20, 2. tv 2150 Nordhavn ",6195000.0,2014-05-07, Handelstype Alm. frit salg,https://www.boliga.dk//salg/info/101/18710/396EF0D7-7210-4947-9B1A-82D567C6E9EA,https://www.boliga.dk//bbrinfo/396ef0d7-7210-4947-9b1a-82d567c6e9ea,"(55.70865592, 12.59648753)","Fortkaj 20, 1. th, 2150 Nordhavn",0101,Egentlig beboelseslejlighed,Eget køkken med afløb,"Bolig i etageejendom, flerfamiliehus eller to-familiehus",Badeværelse i enheden,142, 2,142,Vandskyllende toilet i enheden,5, 2,-
1283," Fortkaj 22, 2. tv 2150 Nordhavn ",4095000.0,2014-05-07, Handelstype Alm. frit salg,https://www.boliga.dk//salg/info/101/18697/C6ACD311-6269-4FE8-84FA-09B70491AC37,https://www.boliga.dk//bbrinfo/c6acd311-6269-4fe8-84fa-09b70491ac37,"(55.70860402, 12.59680096)","Fortkaj 22, 1. th, 2150 Nordhavn",0101,Egentlig beboelseslejlighed,Eget køkken med afløb,"Bolig i etageejendom, flerfamiliehus eller to-familiehus",Badeværelse i enheden,94, 1,94,Vandskyllende toilet i enheden,3, 1,-
1284," Dunkerquegade 1, 1. th 2150 Nordhavn ",3995000.0,2014-08-02, Handelstype Alm. frit salg,https://www.boliga.dk//salg/info/101/18681/59BB4750-B15D-478C-B067-4CDD3F1CFD79,https://www.boliga.dk//bbrinfo/59bb4750-b15d-478c-b067-4cdd3f1cfd79,"(55.70844508, 12.59686421)","Dunkerquegade 1, 1. mf, 2150 Nordhavn",0101,Egentlig beboelseslejlighed,Eget køkken med afløb,"Bolig i etageejendom, flerfamiliehus eller to-familiehus",Badeværelse i enheden,118, 1,118,Vandskyllende toilet i enheden,4, 1,-
1285," Helsinkigade 21, 2. tv 2150 Nordhavn ",3550000.0,2014-07-02, Handelstype Alm. frit salg,https://www.boliga.dk//salg/info/101/18755/2F4A8443-3752-4F4B-A783-53F586114347,https://www.boliga.dk//bbrinfo/2f4a8443-3752-4f4b-a783-53f586114347,"(55.70833562, 12.59638354)","Helsinkigade 21, 4., 2150 Nordhavn",0101,Egentlig beboelseslejlighed,Eget køkken med afløb,"Bolig i etageejendom, flerfamiliehus eller to-familiehus",Badeværelse i enheden,103, 1,103,Vandskyllende toilet i enheden,4, 1,-
1286," Fortkaj 20, 2. th 2150 Nordhavn ",4650000.0,2014-07-02, Handelstype Alm. frit salg,https://www.boliga.dk//salg/info/101/18711/41A786FB-0A31-44FB-BBD9-F5166A8E6FE4,https://www.boliga.dk//bbrinfo/41a786fb-0a31-44fb-bbd9-f5166a8e6fe4,"(55.70865592, 12.59648753)","Fortkaj 20, 1. th, 2150 Nordhavn",0101,Egentlig beboelseslejlighed,Eget køkken med afløb,"Bolig i etageejendom, flerfamiliehus eller to-familiehus",Badeværelse i enheden,102, 1,102,Vandskyllende toilet i enheden,4, 1,-
1287," Helsinkigade 23, 2. tv 2150 Nordhavn ",3650000.0,2014-05-02, Handelstype Alm. frit salg,https://www.boliga.dk//salg/info/101/18764/29AE5364-6303-4106-9E91-56D7399ABA61,https://www.boliga.dk//bbrinfo/29ae5364-6303-4106-9e91-56d7399aba61,"(55.70829786, 12.59659491)","Helsinkigade 23, 1. th, 2150 Nordhavn",0101,Egentlig beboelseslejlighed,Eget køkken med afløb,"Bolig i etageejendom, flerfamiliehus eller to-familiehus",Badeværelse i enheden,102, 1,102,Vandskyllende toilet i enheden,4, 1,-
1288," Fortkaj 20, 3. th 2150 Nordhavn ",4850000.0,2014-02-02, Handelstype Alm. frit salg,https://www.boliga.dk//salg/info/101/18713/0BFD1026-77B0-4BC1-8D50-64448BCCA651,https://www.boliga.dk//bbrinfo/0bfd1026-77b0-4bc1-8d50-64448bcca651,"(55.70865592, 12.59648753)","Fortkaj 20, 1. th, 2150 Nordhavn",0101,Egentlig beboelseslejlighed,Eget køkken med afløb,"Bolig i etageejendom, flerfamiliehus eller to-familiehus",Badeværelse i enheden,102, 1,102,Vandskyllende toilet i enheden,4, 1,-
1289," Fortkaj 22, 4. tv 2150 Nordhavn ",4495000.0,2014-06-01, Handelstype Alm. frit salg,https://www.boliga.dk//salg/info/101/18701/06E153FD-EB90-467B-82CE-C738B51DCA8A,https://www.boliga.dk//bbrinfo/06e153fd-eb90-467b-82ce-c738b51dca8a,"(55.70860402, 12.59680096)","Fortkaj 22, 1. th, 2150 Nordhavn",0101,Egentlig beboelseslejlighed,Eget køkken med afløb,"Bolig i etageejendom, flerfamiliehus eller to-familiehus",Badeværelse i enheden,94, 1,94,Vandskyllende toilet i enheden,3, 1,-
1290," Dover Passage 4, 2. th 2150 Nordhavn ",3650000.0,2014-06-01, Handelstype Alm. frit salg,https://www.boliga.dk//salg/info/101/18728/17C9B15F-10AE-4EC4-8302-779DC22AAB33,https://www.boliga.dk//bbrinfo/17c9b15f-10ae-4ec4-8302-779dc22aab33,"(55.70863885, 12.59617413)","Dover Passage 4, 1. mf, 2150 Nordhavn",0101,Egentlig beboelseslejlighed,Eget køkken med afløb,"Bolig i etageejendom, flerfamiliehus eller to-familiehus",Badeværelse i enheden,101, 1,101,Vandskyllende toilet i enheden,4, 1,-
1291," Helsinkigade 21, 1. tv 2150 Nordhavn ",3395000.0,2014-06-01, Handelstype Alm. frit salg,https://www.boliga.dk//salg/info/101/18753/58F8509A-8828-4BDF-AD59-73EC900C836B,https://www.boliga.dk//bbrinfo/58f8509a-8828-4bdf-ad59-73ec900c836b,"(55.70833562, 12.59638354)","Helsinkigade 21, 4., 2150 Nordhavn",0101,Egentlig beboelseslejlighed,Eget køkken med afløb,"Bolig i etageejendom, flerfamiliehus eller to-familiehus",Badeværelse i enheden,103, 1,103,Vandskyllende toilet i enheden,4, 1,-
1292," Dunkerquegade 1, 2. mf 2150 Nordhavn ",1925000.0,2014-04-01, Handelstype Alm. frit salg,https://www.boliga.dk//salg/info/101/18683/7BACF32E-4233-4C2C-AB9E-9A9AF0963B5A,https://www.boliga.dk//bbrinfo/7bacf32e-4233-4c2c-ab9e-9a9af0963b5a,"(55.70844508, 12.59686421)","Dunkerquegade 1, 1. mf, 2150 Nordhavn",0101,Egentlig beboelseslejlighed,Eget køkken med afløb,"Bolig i etageejendom, flerfamiliehus eller to-familiehus",Badeværelse i enheden,57, 1,57,Vandskyllende toilet i enheden,2, 1,-
1293," Antwerpengade 15, 3. th 2150 Nordhavn ",5570476.0,2014-01-01, Handelstype Alm. frit salg,https://www.boliga.dk//salg/info/101/15818/F7CCF9A5-522A-4B59-BD74-2AB05B1FE1DD,https://www.boliga.dk//bbrinfo/f7ccf9a5-522a-4b59-bd74-2ab05b1fe1dd,"(55.7073385, 12.59625824)","Antwerpengade 15, 1. mf, 2150 Nordhavn",0101,Egentlig beboelseslejlighed,Eget køkken med afløb,"Bolig i etageejendom, flerfamiliehus eller to-familiehus",Badeværelse i enheden,140, 1,140,Vandskyllende toilet i enheden,4, 2,-
1294," Sandkaj 9A, st 2150 Nordhavn ",52000000.0,2014-04-10, Handelstype Alm. frit salg,https://www.boliga.dk//salg/info/101/11978/4200DADC-4F88-4772-ACD9-77D4B1F144A0,https://www.boliga.dk//bbrinfo/4200dadc-4f88-4772-acd9-77d4b1f144a0,"(55.70632293, 12.59325234)","Sandkaj 9A, 2150 Nordhavn",0101,Sommer-/fritidsbolig,-,Anden enhed til fritidsformål,-,72, 0,0,Vandskyllende toilet i enheden,1, 1,-
1295," Göteborg Plads 8, 4 2150 Nordhavn ",4745000.0,2014-04-09, Handelstype Alm. frit salg,https://www.boliga.dk//salg/info/101/17632/ADC650DF-BED2-47EC-BBF6-DDB20514A195,https://www.boliga.dk//bbrinfo/adc650df-bed2-47ec-bbf6-ddb20514a195,"(55.70695451, 12.59774378)","Göteborg Plads 8, 4., 2150 Nordhavn",0101,Egentlig beboelseslejlighed,Eget køkken med afløb,"Bolig i etageejendom, flerfamiliehus eller to-familiehus",Badeværelse i enheden,117, 1,117,Vandskyllende toilet i enheden,3, 1,400 V el fra værk
1296," Göteborg Plads 4, 5. th 2150 Nordhavn ",3595000.0,2014-07-01, Handelstype Alm. frit salg,https://www.boliga.dk//salg/info/101/17624/A0E41B30-EE34-4786-B751-F76DF046D429,https://www.boliga.dk//bbrinfo/a0e41b30-ee34-4786-b751-f76df046d429,"(55.70683921, 12.59778127)","Göteborg Plads 4, 4. mf, 2150 Nordhavn",0101,Egentlig beboelseslejlighed,Eget køkken med afløb,"Bolig i etageejendom, flerfamiliehus eller to-familiehus",Badeværelse i enheden,75, 1,75,Vandskyllende toilet i enheden,3, 1,400 V el fra værk
1297," Murmanskgade 3, 5. tv 2150 Nordhavn ",6495000.0,2014-01-01, Handelstype Alm. frit salg,https://www.boliga.dk//salg/info/101/17578/94FFBC25-57EC-4B26-A81E-D794983F8DAC,https://www.boliga.dk//bbrinfo/94ffbc25-57ec-4b26-a81e-d794983f8dac,"(55.70716738, 12.59860693)","Murmanskgade 3, 3. mf, 2150 Nordhavn",0101,Egentlig beboelseslejlighed,Eget køkken med afløb,"Bolig i etageejendom, flerfamiliehus eller to-familiehus",Badeværelse i enheden,164, 1,164,Vandskyllende toilet i enheden,4, 1,400 V el fra værk
1298," Murmanskgade 1, st. th 2150 Nordhavn ",7495000.0,2014-03-10, Handelstype Alm. frit salg,https://www.boliga.dk//salg/info/101/17581/F47B7719-449A-496E-A800-70A6D8C14F04,https://www.boliga.dk//bbrinfo/f47b7719-449a-496e-a800-70a6d8c14f04,"(55.70691325, 12.59860775)","Murmanskgade 1, 1. mf, 2150 Nordhavn",0101,Egentlig beboelseslejlighed,Eget køkken med afløb,"Bolig i etageejendom, flerfamiliehus eller to-familiehus",Badeværelse i enheden,162, 1,162,Vandskyllende toilet i enheden,3, 1,400 V el fra værk
1299," Antwerpengade 15, 3. mf 2150 Nordhavn ",4821352.0,2014-03-03, Handelstype Alm. frit salg,https://www.boliga.dk//salg/info/101/15819/34B68B0B-B03A-4CE9-A366-AF7B3BF71678,https://www.boliga.dk//bbrinfo/34b68b0b-b03a-4ce9-a366-af7b3bf71678,"(55.7073385, 12.59625824)","Antwerpengade 15, 1. mf, 2150 Nordhavn",0101,Egentlig beboelseslejlighed,Eget køkken med afløb,"Bolig i etageejendom, flerfamiliehus eller to-familiehus",Badeværelse i enheden,142, 1,142,Vandskyllende toilet i enheden,4, 2,-
1300," Göteborg Plads 12, 3. th 2150 Nordhavn ",3495000.0,2014-08-02, Handelstype Alm. frit salg,https://www.boliga.dk//salg/info/101/17641/2D9D3C0F-F950-4D18-8111-BDD744EB928B,https://www.boliga.dk//bbrinfo/2d9d3c0f-f950-4d18-8111-bdd744eb928b,"(55.70708275, 12.59770637)","Göteborg Plads 12, 1. mf, 2150 Nordhavn",0101,Egentlig beboelseslejlighed,Eget køkken med afløb,"Bolig i etageejendom, flerfamiliehus eller to-familiehus",Badeværelse i enheden,103, 1,103,Vandskyllende toilet i enheden,3, 1,400 V el fra værk
1301," Göteborg Plads 12, 1. th 2150 Nordhavn ",3295000.0,2014-05-02, Handelstype Alm. frit salg,https://www.boliga.dk//salg/info/101/17635/0F6E5397-25A8-4905-981F-1ED41FED9A56,https://www.boliga.dk//bbrinfo/0f6e5397-25a8-4905-981f-1ed41fed9a56,"(55.70708275, 12.59770637)","Göteborg Plads 12, 1. mf, 2150 Nordhavn",0101,Egentlig beboelseslejlighed,Eget køkken med afløb,"Bolig i etageejendom, flerfamiliehus eller to-familiehus",Badeværelse i enheden,103, 1,103,Vandskyllende toilet i enheden,3, 1,400 V el fra værk
1302," Antwerpengade 15, 1. mf 2150 Nordhavn ",4148942.0,2014-02-06, Handelstype Alm. frit salg,https://www.boliga.dk//salg/info/101/15812/F1820744-A461-4B12-87A1-C702E39BD081,https://www.boliga.dk//bbrinfo/f1820744-a461-4b12-87a1-c702e39bd081,"(55.7073385, 12.59625824)","Antwerpengade 15, 1. mf, 2150 Nordhavn",0101,Egentlig beboelseslejlighed,Eget køkken med afløb,"Bolig i etageejendom, flerfamiliehus eller to-familiehus",Badeværelse i enheden,136, 1,136,Vandskyllende toilet i enheden,3, 2,-
1303," Murmanskgade 1, 3. mf 2150 Nordhavn ",7995000.0,2014-02-06, Handelstype Alm. frit salg,https://www.boliga.dk//salg/info/101/17590/0249DF81-7FA3-442D-86A4-1F9C504EA818,https://www.boliga.dk//bbrinfo/0249df81-7fa3-442d-86a4-1f9c504ea818,"(55.70691325, 12.59860775)","Murmanskgade 1, 1. mf, 2150 Nordhavn",0101,Egentlig beboelseslejlighed,Eget køkken med afløb,"Bolig i etageejendom, flerfamiliehus eller to-familiehus",Badeværelse i enheden,134, 1,134,Vandskyllende toilet i enheden,3, 1,400 V el fra værk
1304," Århusgade 140, 1. tv 2150 Nordhavn ",3151942.0,2014-01-08, Handelstype Alm. frit salg,https://www.boliga.dk//salg/info/101/16523/99AF6B30-97FB-4DFC-BB43-2ACBDAB5801E,https://www.boliga.dk//bbrinfo/99af6b30-97fb-4dfc-bb43-2acbdab5801e,"(55.70763799, 12.59589417)","Århusgade 140, 1. th, 2150 Nordhavn",0101,Egentlig beboelseslejlighed,Eget køkken med afløb,"Bolig i etageejendom, flerfamiliehus eller to-familiehus",Badeværelse i enheden,96, 1,96,Vandskyllende toilet i enheden,3, 1,-
1305," Århusgade 140, 4. th 2150 Nordhavn ",3231357.0,2013-12-20, Handelstype Alm. frit salg,https://www.boliga.dk//salg/info/101/16542/10BCE68C-C38E-44E8-8708-0EFF14A38E45,https://www.boliga.dk//bbrinfo/10bce68c-c38e-44e8-8708-0eff14a38e45,"(55.70763799, 12.59589417)","Århusgade 140, 1. th, 2150 Nordhavn",0101,Egentlig beboelseslejlighed,Eget køkken med afløb,"Bolig i etageejendom, flerfamiliehus eller to-familiehus",Badeværelse i enheden,92, 1,92,Vandskyllende toilet i enheden,3, 1,-
1306," Århusgade 142, 3. th 2150 Nordhavn ",3627003.0,2013-12-20, Handelstype Alm. frit salg,https://www.boliga.dk//salg/info/101/15838/32B30DE8-4AF8-408C-A73D-CCE7C1E8455D,https://www.boliga.dk//bbrinfo/32b30de8-4af8-408c-a73d-cce7c1e8455d,"(55.70766809, 12.59612213)","Århusgade 142, 1. mf, 2150 Nordhavn",0101,Egentlig beboelseslejlighed,Eget køkken med afløb,"Bolig i etageejendom, flerfamiliehus eller to-familiehus",Badeværelse i enheden,104, 1,104,Vandskyllende toilet i enheden,3, 1,-
1307," Århusgade 142, 4. th 2150 Nordhavn ",3679423.0,2013-05-01, Handelstype Alm. frit salg,https://www.boliga.dk//salg/info/101/15839/8D9C2CAD-413E-4DD4-9DE8-9B2B29095400,https://www.boliga.dk//bbrinfo/8d9c2cad-413e-4dd4-9de8-9b2b29095400,"(55.70766809, 12.59612213)","Århusgade 142, 1. mf, 2150 Nordhavn",0101,Egentlig beboelseslejlighed,Eget køkken med afløb,"Bolig i etageejendom, flerfamiliehus eller to-familiehus",Badeværelse i enheden,104, 1,104,Vandskyllende toilet i enheden,3, 1,-
1308," Murmanskgade 3, 3. th 2150 Nordhavn ",7250000.0,2013-12-06, Handelstype Alm. frit salg,https://www.boliga.dk//salg/info/101/17573/7D5EEABC-E224-4F56-93BD-EDC0B05FBC5A,https://www.boliga.dk//bbrinfo/7d5eeabc-e224-4f56-93bd-edc0b05fbc5a,"(55.70716738, 12.59860693)","Murmanskgade 3, 3. mf, 2150 Nordhavn",0101,Egentlig beboelseslejlighed,Eget køkken med afløb,"Bolig i etageejendom, flerfamiliehus eller to-familiehus",Badeværelse i enheden,162, 1,162,Vandskyllende toilet i enheden,3, 1,400 V el fra værk
1309," Århusgade 140, 5. th 2150 Nordhavn ",3305634.0,2013-12-03, Handelstype Alm. frit salg,https://www.boliga.dk//salg/info/101/16545/6B0240A7-C74C-441E-8493-BB62F28E0045,https://www.boliga.dk//bbrinfo/6b0240a7-c74c-441e-8493-bb62f28e0045,"(55.70763799, 12.59589417)","Århusgade 140, 1. th, 2150 Nordhavn",0101,Egentlig beboelseslejlighed,Eget køkken med afløb,"Bolig i etageejendom, flerfamiliehus eller to-familiehus",Badeværelse i enheden,93, 1,93,Vandskyllende toilet i enheden,3, 1,-
1310," Göteborg Plads 12, 4. th 2150 Nordhavn ",3395000.0,2013-05-02, Handelstype Alm. frit salg,https://www.boliga.dk//salg/info/101/17643/0FBD4C47-6CD2-4629-A867-27428D9B4CA9,https://www.boliga.dk//bbrinfo/0fbd4c47-6cd2-4629-a867-27428d9b4ca9,"(55.70708275, 12.59770637)","Göteborg Plads 12, 1. mf, 2150 Nordhavn",0101,Egentlig beboelseslejlighed,Eget køkken med afløb,"Bolig i etageejendom, flerfamiliehus eller to-familiehus",Badeværelse i enheden,103, 1,103,Vandskyllende toilet i enheden,3, 1,400 V el fra værk
1311," Århusgade 140, 4. tv 2150 Nordhavn ",3401853.0,2013-02-01, Handelstype Alm. frit salg,https://www.boliga.dk//salg/info/101/16543/3040F612-2812-44A7-AB00-5A123F1B833D,https://www.boliga.dk//bbrinfo/3040f612-2812-44a7-ab00-5a123f1b833d,"(55.70763799, 12.59589417)","Århusgade 140, 1. th, 2150 Nordhavn",0101,Egentlig beboelseslejlighed,Eget køkken med afløb,"Bolig i etageejendom, flerfamiliehus eller to-familiehus",Badeværelse i enheden,97, 1,97,Vandskyllende toilet i enheden,3, 1,-
1312," Sankt Petersborg Plads 2, st. th 2150 Nordhavn ",2550000.0,2013-11-08, Handelstype Alm. frit salg,https://www.boliga.dk//salg/info/101/17541/CF188C82-B6AF-4F67-AE35-A859BC708F72,https://www.boliga.dk//bbrinfo/cf188c82-b6af-4f67-ae35-a859bc708f72,"(55.70718713, 12.59799196)","Sankt Petersborg Plads 2, 2. th, 2150 Nordhavn",0101,Egentlig beboelseslejlighed,Eget køkken med afløb,"Bolig i etageejendom, flerfamiliehus eller to-familiehus",Badeværelse i enheden,96, 1,96,Vandskyllende toilet i enheden,3, 1,400 V el fra værk
1313," Århusgade 140, 3. th 2150 Nordhavn ",3174118.0,2013-08-02, Handelstype Alm. frit salg,https://www.boliga.dk//salg/info/101/16540/9825DA69-2262-465F-80E4-F576668ABD7C,https://www.boliga.dk//bbrinfo/9825da69-2262-465f-80e4-f576668abd7c,"(55.70763799, 12.59589417)","Århusgade 140, 1. th, 2150 Nordhavn",0101,Egentlig beboelseslejlighed,Eget køkken med afløb,"Bolig i etageejendom, flerfamiliehus eller to-familiehus",Badeværelse i enheden,92, 1,92,Vandskyllende toilet i enheden,3, 1,-
1314," Göteborg Plads 12, 3. tv 2150 Nordhavn ",2895000.0,2013-07-02, Handelstype Alm. frit salg,https://www.boliga.dk//salg/info/101/17639/55395F6A-A0EB-4089-9244-EB3AB514BD0F,https://www.boliga.dk//bbrinfo/55395f6a-a0eb-4089-9244-eb3ab514bd0f,"(55.70708275, 12.59770637)","Göteborg Plads 12, 1. mf, 2150 Nordhavn",0101,Egentlig beboelseslejlighed,Eget køkken med afløb,"Bolig i etageejendom, flerfamiliehus eller to-familiehus",Badeværelse i enheden,73, 1,73,Vandskyllende toilet i enheden,3, 1,400 V el fra værk
1315," Göteborg Plads 8, 3. tv 2150 Nordhavn ",3995000.0,2013-07-01, Handelstype Alm. frit salg,https://www.boliga.dk//salg/info/101/17629/6F28DD04-FC2E-4EC3-A1AE-7950E8406A30,https://www.boliga.dk//bbrinfo/6f28dd04-fc2e-4ec3-a1ae-7950e8406a30,"(55.70695451, 12.59774378)","Göteborg Plads 8, 4., 2150 Nordhavn",0101,Egentlig beboelseslejlighed,Eget køkken med afløb,"Bolig i etageejendom, flerfamiliehus eller to-familiehus",Badeværelse i enheden,115, 1,115,Vandskyllende toilet i enheden,3, 1,400 V el fra værk
1316," Sankt Petersborg Plads 4, 3. tv 2150 Nordhavn ",3595000.0,2013-07-01, Handelstype Alm. frit salg,https://www.boliga.dk//salg/info/101/17556/4C2291A4-8DDF-4F73-A6C1-EC13A41A3A25,https://www.boliga.dk//bbrinfo/4c2291a4-8ddf-4f73-a6c1-ec13a41a3a25,"(55.70721925, 12.59831326)","Sankt Petersborg Plads 4, 2150 Nordhavn",0101,Egentlig beboelseslejlighed,Eget køkken med afløb,"Bolig i etageejendom, flerfamiliehus eller to-familiehus",Badeværelse i enheden,108, 1,108,Vandskyllende toilet i enheden,2, 1,400 V el fra værk
1317," Göteborg Plads 12, 2. tv 2150 Nordhavn ",2195000.0,2013-06-01, Handelstype Alm. frit salg,https://www.boliga.dk//salg/info/101/17636/78F2CADF-64C2-4BF8-B84B-5281EEBA8D8E,https://www.boliga.dk//bbrinfo/78f2cadf-64c2-4bf8-b84b-5281eeba8d8e,"(55.70708275, 12.59770637)","Göteborg Plads 12, 1. mf, 2150 Nordhavn",0101,Egentlig beboelseslejlighed,Eget køkken med afløb,"Bolig i etageejendom, flerfamiliehus eller to-familiehus",Badeværelse i enheden,73, 1,73,Vandskyllende toilet i enheden,2, 1,400 V el fra værk
1318," Göteborg Plads 12, 1. tv 2150 Nordhavn ",1995000.0,2013-06-01, Handelstype Alm. frit salg,https://www.boliga.dk//salg/info/101/17633/28304C84-D140-4099-8143-195DF05539EF,https://www.boliga.dk//bbrinfo/28304c84-d140-4099-8143-195df05539ef,"(55.70708275, 12.59770637)","Göteborg Plads 12, 1. mf, 2150 Nordhavn",0101,Egentlig beboelseslejlighed,Eget køkken med afløb,"Bolig i etageejendom, flerfamiliehus eller to-familiehus",Badeværelse i enheden,73, 1,73,Vandskyllende toilet i enheden,3, 1,400 V el fra værk
1319," Sankt Petersborg Plads 4, 2. tv 2150 Nordhavn ",3495000.0,2013-05-01, Handelstype Alm. frit salg,https://www.boliga.dk//salg/info/101/17554/B426C161-8D11-4471-B104-B6FFEA546D18,https://www.boliga.dk//bbrinfo/b426c161-8d11-4471-b104-b6ffea546d18,"(55.70721925, 12.59831326)","Sankt Petersborg Plads 4, 2150 Nordhavn",0101,Egentlig beboelseslejlighed,Eget køkken med afløb,"Bolig i etageejendom, flerfamiliehus eller to-familiehus",Badeværelse i enheden,108, 1,108,Vandskyllende toilet i enheden,2, 1,400 V el fra værk
1320," Århusgade 140, 3. tv 2150 Nordhavn ",3303972.0,2013-01-01, Handelstype Alm. frit salg,https://www.boliga.dk//salg/info/101/16541/53CFC042-139D-4BCB-9E9B-F07CAF5F91AA,https://www.boliga.dk//bbrinfo/53cfc042-139d-4bcb-9e9b-f07caf5f91aa,"(55.70763799, 12.59589417)","Århusgade 140, 1. th, 2150 Nordhavn",0101,Egentlig beboelseslejlighed,Eget køkken med afløb,"Bolig i etageejendom, flerfamiliehus eller to-familiehus",Badeværelse i enheden,96, 1,96,Vandskyllende toilet i enheden,3, 1,-
1321," Århusgade 142, 1. tv 2150 Nordhavn ",3475684.0,2013-10-10, Handelstype Alm. frit salg,https://www.boliga.dk//salg/info/101/15826/669CB775-ABCF-4B98-9D01-653B2E94B5CC,https://www.boliga.dk//bbrinfo/669cb775-abcf-4b98-9d01-653b2e94b5cc,"(55.70766809, 12.59612213)","Århusgade 142, 1. mf, 2150 Nordhavn",0101,Egentlig beboelseslejlighed,Eget køkken med afløb,"Bolig i etageejendom, flerfamiliehus eller to-familiehus",Badeværelse i enheden,122, 1,122,Vandskyllende toilet i enheden,3, 1,-
1322," Sankt Petersborg Plads 2, 3. tv 2150 Nordhavn ",2895000.0,2013-10-09, Handelstype Alm. frit salg,https://www.boliga.dk//salg/info/101/17546/149F209C-6205-459D-A31D-03148B597C23,https://www.boliga.dk//bbrinfo/149f209c-6205-459d-a31d-03148b597c23,"(55.70718713, 12.59799196)","Sankt Petersborg Plads 2, 2. th, 2150 Nordhavn",0101,Egentlig beboelseslejlighed,Eget køkken med afløb,"Bolig i etageejendom, flerfamiliehus eller to-familiehus",Badeværelse i enheden,111, 1,111,Vandskyllende toilet i enheden,3, 1,400 V el fra værk
1323," Sankt Petersborg Plads 2, 2. tv 2150 Nordhavn ",4500000.0,2013-10-08, Handelstype Alm. frit salg,https://www.boliga.dk//salg/info/101/17544/DD742365-191D-4571-99AF-F3C83FD4258B,https://www.boliga.dk//bbrinfo/dd742365-191d-4571-99af-f3c83fd4258b,"(55.70718713, 12.59799196)","Sankt Petersborg Plads 2, 2. th, 2150 Nordhavn",0101,Egentlig beboelseslejlighed,Eget køkken med afløb,"Bolig i etageejendom, flerfamiliehus eller to-familiehus",Badeværelse i enheden,111, 1,111,Vandskyllende toilet i enheden,3, 1,400 V el fra værk
1324," Århusgade 142, 2. mf 2150 Nordhavn ",3684427.0,2013-08-09, Handelstype Alm. frit salg,https://www.boliga.dk//salg/info/101/15827/4BA67D91-59B3-474B-807F-527229B520E5,https://www.boliga.dk//bbrinfo/4ba67d91-59b3-474b-807f-527229b520e5,"(55.70766809, 12.59612213)","Århusgade 142, 1. mf, 2150 Nordhavn",0101,Egentlig beboelseslejlighed,Eget køkken med afløb,"Bolig i etageejendom, flerfamiliehus eller to-familiehus",Badeværelse i enheden,111, 1,111,Vandskyllende toilet i enheden,4, 1,-
1325," Antwerpengade 15, 1. tv 2150 Nordhavn ",3849816.0,2013-09-02, Handelstype Alm. frit salg,https://www.boliga.dk//salg/info/101/15810/348A812C-E40D-4C39-99C0-93793059CC21,https://www.boliga.dk//bbrinfo/348a812c-e40d-4c39-99c0-93793059cc21,"(55.7073385, 12.59625824)","Antwerpengade 15, 1. mf, 2150 Nordhavn",0101,Egentlig beboelseslejlighed,Eget køkken med afløb,"Bolig i etageejendom, flerfamiliehus eller to-familiehus",Badeværelse i enheden,114, 1,114,Vandskyllende toilet i enheden,4, 1,-
1326," Antwerpengade 15, 2. th 2150 Nordhavn ",5002762.0,2013-07-01, Handelstype Alm. frit salg,https://www.boliga.dk//salg/info/101/15814/C1845AAF-1E62-4E35-8E74-DB0899130F4A,https://www.boliga.dk//bbrinfo/c1845aaf-1e62-4e35-8e74-db0899130f4a,"(55.7073385, 12.59625824)","Antwerpengade 15, 1. mf, 2150 Nordhavn",0101,Egentlig beboelseslejlighed,Eget køkken med afløb,"Bolig i etageejendom, flerfamiliehus eller to-familiehus",Badeværelse i enheden,140, 1,140,Vandskyllende toilet i enheden,4, 2,-
1327," Antwerpengade 15, 4. mf 2150 Nordhavn ",4970188.0,2013-04-02, Handelstype Alm. frit salg,https://www.boliga.dk//salg/info/101/15822/E9FEB6A2-418D-4B61-B4C3-9EEE981314BD,https://www.boliga.dk//bbrinfo/e9feb6a2-418d-4b61-b4c3-9eee981314bd,"(55.7073385, 12.59625824)","Antwerpengade 15, 1. mf, 2150 Nordhavn",0101,Egentlig beboelseslejlighed,Eget køkken med afløb,"Bolig i etageejendom, flerfamiliehus eller to-familiehus",Badeværelse i enheden,142, 1,142,Vandskyllende toilet i enheden,4, 2,-
1328," Århusgade 142, 3. mf 2150 Nordhavn ",3771097.0,2013-05-06, Handelstype Alm. frit salg,https://www.boliga.dk//salg/info/101/15829/FE28D22A-0D37-4658-80AE-9F9BE6ECC7BD,https://www.boliga.dk//bbrinfo/fe28d22a-0d37-4658-80ae-9f9be6ecc7bd,"(55.70766809, 12.59612213)","Århusgade 142, 1. mf, 2150 Nordhavn",0101,Egentlig beboelseslejlighed,Eget køkken med afløb,"Bolig i etageejendom, flerfamiliehus eller to-familiehus",Badeværelse i enheden,111, 1,111,Vandskyllende toilet i enheden,4, 1,-
1329," Antwerpengade 15, 4. tv 2150 Nordhavn ",4237619.0,2013-03-05, Handelstype Alm. frit salg,https://www.boliga.dk//salg/info/101/15820/33E6F6B1-D915-4CE4-88DC-2C647A70AD16,https://www.boliga.dk//bbrinfo/33e6f6b1-d915-4ce4-88dc-2c647a70ad16,"(55.7073385, 12.59625824)","Antwerpengade 15, 1. mf, 2150 Nordhavn",0101,Egentlig beboelseslejlighed,Eget køkken med afløb,"Bolig i etageejendom, flerfamiliehus eller to-familiehus",Badeværelse i enheden,114, 1,114,Vandskyllende toilet i enheden,4, 1,-
1330," Antwerpengade 15, 3. tv 2150 Nordhavn ",4149553.0,2013-03-01, Handelstype Alm. frit salg,https://www.boliga.dk//salg/info/101/15817/6EE53401-992E-4140-824C-E94EE532ED7E,https://www.boliga.dk//bbrinfo/6ee53401-992e-4140-824c-e94ee532ed7e,"(55.7073385, 12.59625824)","Antwerpengade 15, 1. mf, 2150 Nordhavn",0101,Egentlig beboelseslejlighed,Eget køkken med afløb,"Bolig i etageejendom, flerfamiliehus eller to-familiehus",Badeværelse i enheden,114, 1,114,Vandskyllende toilet i enheden,4, 1,-
1331," Antwerpengade 15, 3. tv 2150 Nordhavn ",4149553.0,2013-03-01, Handelstype Alm. frit salg,https://www.boliga.dk//salg/info/101/15817/6EE53401-992E-4140-824C-E94EE532ED7E,https://www.boliga.dk//bbrinfo/6ee53401-992e-4140-824c-e94ee532ed7e,"(55.7073385, 12.59625824)","Antwerpengade 15, 1. mf, 2150 Nordhavn",0101,Egentlig beboelseslejlighed,Eget køkken med afløb,"Bolig i etageejendom, flerfamiliehus eller to-familiehus",Badeværelse i enheden,114, 1,114,Vandskyllende toilet i enheden,4, 1,-
